56.29716299804719
43.158563326959055
129.97686845095265
58.7310734910643
44.135536287361205
132.75210148206097
59.18924923837971
37.47426701188166
108.93577311205013
61.4545343124191
55.79240291403977
113.86118452307248
70.69988606144267
36.45721429282022
131.58493728235837
66.3958674088577
61.56671519129313
128.46475507155492
79.1448993835139
83.93511904550134
129.8912008430374
58.97125451355126
101.8223704243561
109.90323107094078
79.07508610878205
60.477587461811716
74.148878514785
81.19231578898466
90.70672178604003
52.69783015063252
61.41678240719634
67.63485227343259
69.39317879866721
75.92012373234252
43.98015555693461
52.19004279629675
67.23435102516345
28.06281115306954
39.65370419830146
58.54375137730896
45.51366913429743
37.53672944344605
46.282895469985945
55.3655104229715
76.31108685771645
32.1931128007207
49.606556916769314
53.858333482156254
78.13066853656082
20.17717466528064
32.45758226059993
67.27371054262669
43.44150047655808
43.220460964045046
52.435541499324415
79.01881835370409
55.44321605343015
43.67549971262259
72.65751522999913
39.62955256384881
57.991127677764844
82.4778712681737
38.214758419188925
50.550221924692494
69.5614466764524
26.180791042867973
47.51442943727476
65.49811556279724
27.952515232835612
43.36085278956865
45.84452989900879
25.554680216239763
33.56408799448498
32.72740996540013
43.48726337904842
25.760784414079385
33.31487839857047
50.56159772606894
32.95461338937045
15.755812943313247
36.43203608519503
30.081328636693073
33.731620818075335
49.091672594378295
62.96146804609667
34.60714968731406
38.973562541597325
61.16412715306062
10.931765665900103
31.71127814579849
49.00023148640427
23.662106518965096
43.40059531392567
48.24511535878302
29.47165806683012
91.38986362320601
52.65069951989477
52.2055409450772
103.57431766041167
36.76062532048404
85.36387643869148
94.99149219594017
48.56458519325668
102.73178183072783
97.22051266522449
48.689536826472576
105.04369795602966
106.02779266930082
33.98446937598283
101.79023362109592
78.40590371361257
54.412669869186836
99.30595657462092
51.03404906100958
33.953883742108616
97.48736374792803
68.67608130616023
79.24113202201154
72.817902700013
58.43971995793759
63.37462782310674
68.04997710202288
58.3237619817297
75.130768858006
62.42969787182694
60.34172448602003
57.2460082678866
69.62277309081507
61.66668422201985
35.35073147670687
42.39469849856359
71.91371081401815
19.96210468847802
68.72437488106834
59.58397587756075
20.23385871061446
52.36971107818183
63.58094387653919
32.99456173677092
37.61878578131676
60.3139920917266
41.188722812372596
45.83610280917221
46.947377189062664
41.07310558392456
30.98731024468756
59.519618493733034
45.098497822171275
31.659169066925173
50.51275209916875
33.57621743887078
37.46873552100824
40.04946354859703
56.10730689189558
20.275227709971276
38.82545552870763
61.355589876510564
52.36834256439322
62.157949079424924
56.783702721902905
69.23648369364801
73.53897897954792
41.617902234895624
80.3458612191045
83.97695842762536
36.423690626817866
80.69269107033487
86.63367554462879
46.19962075551511
63.03318156763194
106.74562850677627
34.732701966057846
60.38641082234274
86.65102875623414
30.09442270940111
35.621710177228195
58.808870382015996
61.10515294820897
35.864643885339646
69.72644192623744
33.06785861296333
48.234813461034925
83.80007420123997
39.33145709033046
63.31701096176576
84.85614628464849
34.118392868076505
50.016473707446735
97.32352891841461
45.0297360660417
40.32202816003719
91.11144929066197
45.37425537059757
36.85508245188944
98.59003829458204
42.0601898241257
29.99444303162418
106.16861706817303
76.78970809253943
36.89644441377198
119.36099482164937
76.02395839035091
31.25108420443307
110.84645400430124
39.75180774020094
59.17836892913178
103.08751707724687
38.35589435273164
36.45347967091339
54.89854609740971
30.143904478759378
44.459421406768065
21.99899397565021
28.00947176332465
21.135601970467093
33.03016443640828
23.32920844954772
35.40543627860746
42.86067848987267
42.9988137453329
49.98399589543123
80.07362287983428
48.455496612325405
34.42164735532864
42.913203539282456
60.12699697641604
24.19924872311121
37.350484854277624
30.342490065308024
50.93418175851894
41.06609509105425
26.18524855555698
69.29421000737347
31.04193047021995
28.881555246466313
53.563151536525126
26.315796183922473
17.260864389007946
38.04571048645279
21.376710094649535
19.563120785474826
44.362053693953136
14.365000225023111
39.93168557819756
36.887349286141855
22.594077041125523
44.170832319337734
65.802063341898
56.12434139229363
20.058722123300424
50.28718992020568
31.438518217126372
49.29554868732315
57.97829107881354
37.08418224522597
46.163591718422104
71.41178872590608
25.48852448972892
18.815286817162594
79.2790583187189
17.48920768365419
30.738799224211725
72.49628290012916
13.88662189605788
57.576170020067934
88.16850155974787
17.96745083993294
25.5799247093245
81.27172471572271
4.9808611323031045
14.061585092264387
76.02725463883145
11.15643146137251
14.116840340439927
94.28936520048251
20.515575956953622
23.651856591067187
113.17885569375595
25.183265873413553
18.18800709473586
109.5417704669304
23.219756051840026
28.274768480507035
124.68667371731277
31.42679569394678
12.567602656269713
123.60422823786064
35.72135669256096
40.07289787599562
125.12821797900995
44.44092543298487
64.12969991552876
96.43702449710999
57.430351619973656
64.461582602326
68.59727229413636
53.25403858554508
39.60315725472013
70.76831630009563
52.09762715895779
26.864792442503916
57.081955184750086
66.72346059185323
49.197288454168465
54.48603636463078
53.57884438162906
78.75677441581715
22.89392805411213
59.30479833424381
76.68158696992087
24.410317679845093
75.02973796287074
60.58520868869077
37.451726105295535
78.71946816392776
67.99689480732278
47.369710998666775
69.80195838147054
77.97370381753359
62.354507820526315
71.15822451263915
67.72603252047672
46.15210835729472
72.44098779495162
61.01091961664188
38.71304002837454
74.56883924408392
36.240058986607785
70.84350673901363
85.33405201805695
43.60985641374146
70.0479153887763
94.617555651117
34.26458290088544
59.14539526584155
84.19863065629181
61.42596932295067
63.46189635734864
61.54711889575068
55.431296234653715
40.091201267741646
79.384801587785
48.930653642136356
51.38388297536983
68.65977918480213
54.2392386908949
82.87125395197346
60.0932685582344
48.70596454271337
48.36996771659736
65.39395313314644
78.66235644135023
41.00100137344781
96.51946502851615
51.86678826982247
61.5786071947642
99.89379271236187
71.08979612096215
50.318107275218736
83.26776483301374
46.537187633592
32.6595430431349
79.80146837984141
62.52145305680356
42.056032948267486
90.45277281456282
88.16208476249112
53.55712305877084
61.871079808254365
59.836174618028885
56.90771117471692
67.49876424639126
37.8407957003191
21.36308350333283
46.946550048502964
57.04049446989554
25.841083342110675
20.086959376907387
68.68490685962229
23.4366991637141
56.90567009248282
76.82244607605321
12.441231928106667
46.332114782414095
85.29510077231556
18.946919350108843
36.74880741214399
78.62032284030883
52.98788842576948
30.1050758803379
85.27717319911991
74.6751017478684
47.1846695906907
37.79119768186399
93.60795717223795
41.182479771952444
28.84534833511581
73.75544345693764
60.16285250683941
23.339946468369877
65.76648655819712
55.02088557479746
33.86154920633984
81.05327023386886
62.4783332445233
30.86788774909975
101.76853862919857
61.30594875882367
37.91313696801004
108.11256035672669
91.63887109502346
83.92366025054193
104.53808270339944
129.74211388941183
88.33338863021513
117.28719076532369
127.72317693801033
73.80841629966972
118.32335971719272
110.32510139021261
108.50621818463826
88.86031902183038
99.70665437603348
79.00221592514858
76.66664945055282
123.10112774455064
86.14280530544994
71.08915972253241
120.27669562507907
73.00153757425149
44.15094385364806
96.26730790618913
62.855816084143676
43.10351632075508
100.03908882296594
37.181417951734794
44.93025821492432
70.2669956449588
65.75248905563213
60.8542923951659
79.42588943717493
50.70276680654677
44.24051072868291
43.07959482396953
46.20834598601221
43.27448542289915
65.02469577848557
55.44045981554875
56.771302473167644
81.34705114844517
55.76522033681683
37.60090243584208
61.76689942432235
42.521790858302026
74.47106169917528
68.28377190728469
34.62168380418072
50.703970158113876
49.320294341237656
28.541301288097777
69.94590810535215
38.021496436154024
18.385512737183532
72.30755057292791
32.724889381442466
19.22899898786523
63.377340113863454
46.01139955041276
18.56077828471428
55.325198105619435
6.957990109428625
17.058397790303587
30.53893749807738
21.225629089600563
24.892983490714577
30.58300010802375
20.791276024854536
37.984110142378825
34.54156298720745
22.363476602807214
47.38731222688978
46.81748462259076
32.72225560928897
29.095855576529353
67.03922074894344
48.49282183693762
44.85100439451028
76.57838835519017
17.615999230206096
49.83869516100819
64.12647347541855
14.297759393201932
29.783006447204663
55.08584437937953
54.14283161526713
68.79329005077386
66.29950167127645
73.49616989362264
27.83789168869132
87.74701735312964
46.44498164066598
26.818564902208188
35.18839348374371
33.519901896506965
36.669518933663625
14.820696084602023
42.09427723080367
46.68833818576658
29.04610038447052
37.36592813944975
32.38350305923884
15.524106670664628
23.395755266948818
56.29737637464445
44.54725561905148
44.35009253920971
27.497623806410168
32.14525329362144
32.44754135325939
27.707510433117548
25.32790394456922
16.064460061749326
34.518887670101506
41.17214241397569
35.42169842550089
68.1410663575171
45.998514938806565
27.985188213886588
40.98678809805757
30.731409331091736
27.727557018008213
26.383794203901324
45.695851722856794
48.01918585481633
35.58771123761099
38.86778314058177
33.324168209851145
42.06059974047246
43.500072174500254
33.790514440391625
63.058779083580475
25.780416596053314
24.978170095832173
53.4499866088842
28.011573256423134
19.285518737769753
78.97466726913471
28.8021935977003
14.289310037192188
76.77707444820192
54.45963556937707
39.183696841759364
71.45630588582794
69.50873274689657
30.32428033748692
65.3631070129302
74.73544175419725
34.90300996802527
28.441369832868684
111.9552795635073
46.31204573730493
47.57798606366399
123.7526543780446
12.156674939051815
57.737180065402406
115.45283337944997
21.422132403323612
22.9396537497087
122.08838185283544
48.33862598810495
43.211057449338
86.56725644089556
27.054431876800944
51.88765378536789
101.09745237106347
14.305727525964006
57.98796887163434
81.72291866619395
16.32658400086541
65.92744036400465
62.69369638643239
49.802213853192214
39.26877919373171
38.625297440656674
68.20972278746554
67.79882527738046
40.320574971956376
73.33580261776414
71.37372017829333
38.60619960515075
103.26622340100758
57.19705957663534
42.81674490784208
105.61264250232335
59.70680596786222
22.36172094339974
80.37571965445629
55.89739578919812
35.04782975600526
73.60911895228452
70.6296886530627
36.78560689967577
69.20805871279326
78.62091569948768
24.98204587431781
73.05809735268474
91.15572683572721
43.87275079222726
57.4580706327616
69.20493033890972
64.48869512391005
72.26964290342956
88.08544462924436
75.47726062370874
119.34815618890147
95.92758414564261
81.95445102246899
148.24477377769472
96.38283451756485
72.8324025571537
171.8313402440705
105.94571411582884
71.78202886569996
159.3945270453634
72.1899703969049
101.44954339783234
134.3228126862654
118.67185396483059
106.2987063536701
143.11409404201828
115.47149764681936
86.37718332866571
146.09883564809078
105.89740825722073
74.98120714343607
90.58921540634486
87.84083831835466
49.01454396734608
69.32913308895725
83.75302858304828
51.0629451020521
67.47901720252389
82.16659098667934
41.06121231438003
44.677390009019
82.57153614981785
32.63450506656543
47.01358049259422
100.76293205565231
17.08692733692297
23.00073626145022
68.09448078119252
39.166716455815546
79.40661424051342
81.15874460677873
44.695188557640165
72.91302756552267
73.56591399604264
42.12652442601741
71.523583058691
54.61033709775472
61.34452637915468
67.94017930645674
39.19626114663272
63.354335112443025
73.00845008022652
35.98630291981355
52.882547634990985
66.85556991793314
15.469303816157328
69.08542098710501
61.93820416817648
40.42281790205419
63.47398723745664
56.62330283537295
40.3217255876121
44.43910427920926
52.405808125101295
59.7582910508017
29.650183869318465
54.79868685272052
41.586802682062256
37.27152334794656
87.41200761371431
39.86329522353777
55.09913439153187
102.35004946211028
35.95657203145667
35.172801054237674
96.37046688942486
51.87238766888642
31.602532795641515
100.09550021158336
45.70493423540134
39.47333195491556
51.1427361232482
22.034362253836257
41.30376038967114
32.80075704042779
19.589955593038965
25.78391621849869
22.60646947307569
31.283671402178825
16.534533754784235
23.580150852801175
11.548476153046641
33.04881867229616
38.54204503859015
7.768824901802919
44.12277700344736
31.044722974763214
23.687951932803
22.094004454860027
36.488043600416816
29.03204298029874
26.440684859346682
37.605033759959476
35.25703726415208
38.60841413161235
43.61254625193042
21.035681771727905
41.09035538876432
42.19515980989036
33.40603938110206
41.390050549870885
64.78301979498656
31.447127161041518
53.21607504123379
60.91434619849608
42.557188277373676
62.74298909664915
40.79426674533144
48.1292752222561
65.06431153199901
93.67740239723256
43.55931009484232
74.93876773753175
69.18665730266166
24.008733176058975
88.79663656865397
38.30234957573427
21.975408305900906
97.84595495007166
13.975186692970464
58.63080954694372
97.60902035495712
35.31254101409144
46.79288629662147
82.54140613358973
47.52526126331907
89.55786166495503
51.843432524008136
48.14492452441894
105.14299231123228
38.1080158447634
44.273275275858694
106.07820812167283
57.16831797246894
36.87449410085834
121.83747025362686
55.377529592811484
69.99145681221965
159.0730253859556
87.16177525085942
91.58897105319184
172.301443416762
78.00152351094366
69.28857875314608
190.38080828115423
61.137655557645765
75.23742147030897
203.61687020782196
53.00756140900262
65.75930207390495
221.4516860381765
51.93453695556899
58.421228567883
220.74350665434883
40.77497422047503
48.57200866722613
200.86025696628843
34.447963067724885
56.44533190038532
224.3604404894287
21.949557307310073
32.825635568851396
236.62179288910167
42.668530597082515
37.55277206085228
231.92482508862
38.38414049589066
42.237290136666104
262.37022686412354
25.965905532595908
10.190205761842162
248.06662684703485
17.391723651535674
19.05951064947514
230.77282079204232
19.094350703483677
40.23022973928751
198.73800737787914
44.88943893200229
76.51235055156262
155.54883926944535
53.10397209208727
46.38862842818817
152.19972012671144
50.95914572019232
33.260896797409615
138.5321835184653
25.291637226706417
43.20181461469303
151.52895065659993
34.2360985143447
63.466474336737775
165.83226538465874
42.0018319576321
60.03929133489639
157.59603161035363
63.99252861073472
19.04315256058821
147.5759315762167
56.44199141209748
25.87576455430442
140.1676819951487
47.30310435017023
40.38988009922999
162.05741467827653
42.519585021297814
45.21934477116919
115.14150526937723
38.57295732488977
33.39125045987786
119.5443951386399
28.660256492720542
20.894880200425476
122.44070685057086
27.409753942757817
30.252912889970176
121.05553749617746
54.96623664021712
79.11368059326965
140.57059962008822
52.03648677622303
74.83936591865746
204.8065595863327
40.27463317322693
63.47010554346692
178.29363535431347
56.1105572765972
72.49355813516314
173.4256267215744
44.223970252837816
69.81159357381857
175.23899545910933
31.504864455185515
67.16346939471568
162.75675216099157
38.15106599478467
66.44382554034833
166.3180046209361
70.57540844318294
69.84706180823842
187.2372233291177
72.24867284184305
43.01064725419258
204.34552057675683
43.96193506123924
23.814732258778673
199.74051784674796
44.824713406756366
63.54073437977659
199.25270013121985
53.18047262448924
51.83947096180814
194.67837081240359
52.6802415582132
25.267014120795018
173.41286367982414
31.03012473196732
41.0808802348207
152.63567627424902
37.78211207217892
75.98672461968731
150.7307498630645
37.10441853628858
47.32777556403712
152.54833253472188
38.56420636085785
36.70999831203884
158.95135689909108
51.65600822062627
76.74570144779995
186.15871722722852
74.06418496690557
69.59306417019843
216.54523438190148
59.832770353597894
94.78535564391196
224.19974801974973
35.13628506070031
53.97924240495565
235.97934782118134
42.811610464867464
39.06884259889787
228.890069199544
39.14399600019742
64.96366959153227
226.53813045806447
72.26863625877411
48.566525687015876
233.18975297564293
57.27437691070247
77.70924725146583
202.09252918383177
50.12796455382879
39.38071768327805
194.62278108814328
46.02926841402885
34.835293281400716
164.41316066255897
19.34074990782372
40.198647744618846
149.82866447991742
33.35996856470557
24.08878094264338
163.0136378631029
36.18477148392127
35.47447825301066
142.25587612440717
49.57092067829031
27.353025969704856
146.71381816182145
35.93864372580432
32.98921691694919
143.31010956573888
15.45709789935797
30.682374335236272
150.3867610770839
24.01962078103555
23.888523606609713
157.51223707391264
28.120027158664055
36.80251464513375
156.59484084802673
41.61278165080357
58.38338020610853
180.17901558381752
35.95373470251614
56.72066016453449
173.30319187325574
59.72227886644346
62.46134891263418
160.2955138125863
30.866746686154183
44.7041181373635
176.94888152242032
24.81666031863223
47.92075007134259
181.32632019988768
31.859162615912055
38.47834369557637
199.8259447161181
17.74147234631222
41.50670717297211
204.2517295004188
31.25049196424726
50.35899792534548
183.2862908883703
33.87790544817495
46.41693110672844
151.2484009126481
38.46298433651336
19.29037060295524
145.62572774139957
23.666692041882207
12.76992132459618
143.66839420414863
24.872171840456215
25.96313538508329
129.00238347479277
32.43946106331492
35.38331934882801
112.78686145352445
59.816499460898804
52.316253806796766
104.14234953359073
41.684990516291094
59.11338194245779
43.225084114892695
23.498206032721214
53.84433684894705
46.29078718017397
14.704121799686716
32.098393416155695
54.524844155637574
21.302251853471795
19.26845164265044
59.24462815887354
23.899148643606296
60.99851477957179
63.42240792673813
33.20762545553489
98.00730245818738
73.23061665169841
56.38393239854948
91.3463454406148
73.14125397414608
54.67209179939018
87.78184348524624
54.25255378461203
70.44675035611202
89.86492065499928
50.654792959207924
55.16421028421976
93.50238653799137
43.09482397995692
45.59502167384637
120.95690371652724
36.81735800064913
38.72605546494775
125.91843545750982
42.107929440465654
25.05921243340093
96.54631567405194
26.86341723390722
19.422794090847066
71.91075823325045
33.22091880496153
56.72305010541456
85.27370880474005
27.478068837117377
82.79078210874735
85.19104804969618
22.076831722108555
97.75390286956534
56.59624895393378
20.50259801473704
76.98640651322414
34.23178736975507
20.48554326542991
118.82757939415391
25.419937695729082
27.65753555387109
125.91032776014806
35.836742853645106
31.766014785462446
120.74793505034789
50.70885856201457
26.489430460177513
123.92493421406799
53.241702291085765
30.653063771120536
101.80357098490023
19.02016092492536
38.61635618374648
109.8104618483883
23.557806646302524
44.043240715159676
103.48675700421205
27.13978286098954
45.131072740643624
107.45764504033131
39.9803149243238
27.760893618201735
111.9196618597198
42.74234809967142
22.991314526017128
94.0831948041824
51.59312598135833
19.598960343888496
78.59095005193973
43.53371475557846
24.351703592772626
60.80219749786254
26.85518049787472
37.38878794997041
42.40419620786723
55.82949816388085
38.42816641590139
42.415849861471884
66.97820589634033
43.68067082122587
40.215685134131384
55.79442694761135
43.55746708428794
22.678837465784184
31.016924139095043
56.48736222517387
26.64912294075607
24.87129718468575
45.040346449774766
42.63785278005332
25.725280594382365
17.277734518130796
40.35054849239682
22.790994427814088
44.70741176616
33.51021036174695
14.837955740013665
52.56040000460279
33.68156552419563
16.138543926525127
57.0365528883402
35.54578285955707
49.086168665884585
45.73576597558834
17.422630156678288
54.711598697248185
52.07283357978392
37.343372688629096
25.340530554298162
19.67836853612949
35.053710986520294
12.302526364096828
42.46955972555625
17.93474037491464
43.823375310659586
54.205573524479135
15.408454369985218
49.564870664326605
77.94049082875543
32.16410212488711
69.284327767198
55.04471542582704
48.79834400014585
55.183767445226586
54.99218236166918
47.616361534084014
82.15953644593124
56.97003024477896
29.382316719895524
88.63601422903035
65.24662172282889
38.75088555670309
128.88267521300463
56.82589550604698
56.42964317392337
136.18923698002294
41.54048560428909
39.63613564403802
130.84820218011444
56.660799631342705
40.256036250790274
142.57032406132225
84.19303067153625
57.640464575860754
167.64351439136328
97.02729901233081
93.13456124259993
159.77660177212937
85.59316369201771
80.80126002404756
160.7967992981651
57.720723836102536
90.6826621265023
146.15262237278822
66.78580526705383
55.10175091084669
161.51672397392107
74.67951806777506
55.936406209113905
150.1154083688595
67.58339572491303
51.20639414922805
135.7981492550739
51.87912522513585
43.590864382459955
131.48733340750925
75.70612769950634
37.41538718439442
99.30828323722464
61.06441969630575
65.08571770910731
74.6824040269783
70.91631758679921
49.54148821274939
84.49537594513716
76.86876530677742
56.59595263867328
97.76148831700448
60.879072551814204
33.57352057260229
113.9168486116765
64.85926099045192
45.89627416773725
104.84271456020464
51.758924965590026
79.57537598723525
122.92676940004701
61.03714535275805
48.73002519506778
125.63707219747741
52.23156409121216
38.782394364373644
119.37588194410178
60.548181089742656
64.985626798683
105.2212729642438
43.00067614916173
56.17865070524887
87.75107524395422
44.84064066713763
75.15959414159612
73.36118902060606
52.231579434123454
81.01699454980152
61.639317871515786
55.02854455374483
57.11809254365559
89.33133105349451
103.99536129851228
51.8745493485702
124.28335346821939
88.13536400023263
59.22628877968641
91.06924826128825
74.43750084945468
45.94290907564039
74.26029623028408
51.75889502886784
42.82995706983113
72.69020222752377
65.3518044517919
29.340833038184673
34.78626209071874
65.61340758424448
22.639843980771467
39.47336854562827
62.10720163644537
28.77987021967105
18.071569016041188
78.08145949705752
55.21084237181337
18.395436341385793
62.56399844092551
47.75814517320207
16.46760807043353
63.06877895533448
48.01339337541099
13.529111940723297
28.960552880453868
71.24856428724927
37.08246947850512
39.38108227646403
64.99557075932034
49.186712533411324
46.78345729383476
68.82430533078481
60.197204549508896
25.57196649880122
68.90017140652526
40.436321441290076
26.959077719598987
54.803046519884056
26.75045912921306
36.63386743217527
104.44295517775359
34.51136889886808
32.84560741166397
109.85441194930245
40.03132855551284
28.55897605534755
73.98893025261566
65.33107855088954
80.39788589325693
65.92962490599493
26.039092316306927
84.4171665445911
60.86102736517897
28.440433555216664
96.73495775850473
48.4992948198681
57.274817021450346
98.59936615622803
31.160280161479264
41.979475838643275
66.09373496028904
45.19543029123017
47.80706029114222
60.764074291268976
41.68121146407981
61.44783994234793
43.020116945232324
50.79004260179535
71.724931505657
86.18814394084593
36.48617495562099
103.95399289593917
125.06295970027747
61.6393492662317
121.65889071637962
120.09601150547785
67.53812115517472
120.9819999832967
94.96115527693644
93.69668202479711
100.98353436303296
104.9195605888557
93.51671174928978
123.46207748084527
102.43170760166626
105.45642289730593
139.06141953069232
105.99073893321456
125.05413736768433
133.13287298374303
94.65833725792322
111.58304583215629
155.1004349187049
54.60845098735793
92.71645062887818
129.72746292841094
56.97466971545619
91.65572784808039
107.57177615869354
69.43997435762175
89.48083151204091
85.26562028217252
48.491581026775904
86.51577861259884
73.44228967032141
40.59629581000746
80.01347618361343
80.85432905057019
64.24008715242422
96.83042013547269
92.22864173171854
44.596644342849736
95.79288589661189
139.84270990037797
65.86887524678893
73.12784927552279
157.03895687229553
64.39469396036864
68.34347111258025
177.23907376021194
53.04508679878714
52.103336126790104
162.12143306234572
56.08342147484648
48.9783944380383
141.25242176696244
51.86874667378053
72.090920402771
120.93383297215217
68.88719754494551
80.73497281811977
143.20063472932964
87.51661130338796
69.93560360440136
141.73217660090992
58.577223621450884
63.34386424349468
141.87658069321873
60.087877206594214
87.73791187775767
150.20091288707934
53.959238407479944
78.47268677564351
144.39512354692062
49.172618832499886
79.93045403630009
146.7559697756802
62.00875399301221
68.31734137441262
120.18584557118119
71.80007916689118
78.05483954443825
107.18581562356482
87.22595738560665
108.1609702792439
76.14208347233892
96.26446678584783
54.62493394549722
130.4539361397363
67.37459570184282
76.54293252191036
99.08801172173276
86.92992297812737
63.315392376611356
90.28329678470872
77.87848000586972
35.08575415069378
104.0097811732589
95.88680611033615
45.54721570557914
107.90903018499257
104.86338167677195
66.71611722525508
107.11612729834529
100.68498479238346
91.7589256484234
89.09799523325171
92.71647304997377
64.45005215468758
113.32598947720848
71.469181642748
73.76159271567714
87.75944499512657
72.25402118279342
87.89665567068117
77.29557499253032
61.641805235036244
57.01559000614007
97.16329925943775
63.50343031893004
57.43258705461682
72.21894571309711
98.906612781915
83.76767100133601
69.4620976327518
93.51509049399014
85.94853651678778
61.658176234300555
104.03106948174879
74.50541423523866
79.40271022159638
99.83698963720842
59.20812351676076
86.10144526847677
75.08809803488968
43.75741347281723
50.524677249665395
23.77259444622817
32.03873849426111
39.54537165554874
33.27833170968005
25.900908015505852
43.62296360265194
25.751564173818597
27.458924774517186
78.16502753769852
25.751564173818597
27.458924774517186
78.16502753769852
19.73201107277574
22.375090118555494
49.52819362167044
14.10238459415899
34.69566184454795
57.59412817387415
43.411178478143384
21.03378446490042
60.992308655388484
24.67777447420191
27.716209468166426
57.42586717673364
35.887339372047684
27.912735474612347
51.607750101886126
65.91203603538838
39.77992033665847
50.8612629766813
91.59156735791865
33.13799509491238
53.063458363848795
99.57262122174444
19.550147558693457
52.49998568638171
104.41341113971865
64.24609859942454
54.95711122679268
101.13952321404787
63.86570304045228
61.96491246637082
67.35915454578821
58.16427257112599
68.41186085626907
56.758475368845666
38.43063429340223
95.45333277223241
45.582984399099004
56.163516555884044
71.01461956679533
62.83436444324231
49.45984051015364
98.39465360797995
53.600290587518415
71.32092736709865
103.39166918287924
54.327970481359976
81.46911871840287
101.7607661625988
62.243241697035444
67.95784268571302
99.0760319669102
51.44161420691922
97.18903444810095
92.57298454372956
63.64948362891289
69.97713124338807
65.38879442239875
78.25727469232191
77.37376713826139
62.20081096079768
71.3945323589099
41.037578910880484
45.74540005331514
70.24121967375122
37.88675426585171
41.3908484139983
41.468748445135155
54.55656760899367
35.55569708179402
31.259226545102027
37.819892918354356
45.24405031819623
17.593983065683517
58.55449727538384
37.887977571183
14.191151060046115
58.2493311911007
24.36336301118609
14.263490376428674
38.725664287384994
16.40232652999837
34.54133292798529
34.310666407835186
36.53418878230212
53.64070636446332
44.03435293777539
49.79673856800906
25.978096227829802
54.04466914680059
70.25102491423524
40.522786469475676
65.79097259491748
42.92079037199978
44.04848518910323
57.98190180251692
70.74101387172946
84.38514323626683
35.44669961092279
89.03728545948955
81.52563455104996
53.070925558139486
59.042805827242645
47.30174495350349
49.45292278621398
44.78430471694144
48.72594342310881
35.66592824699911
43.936312195931734
49.20425486911002
24.822748296740233
12.841074758047208
31.64128962025974
40.962113638974074
39.35443458306831
25.18324030234724
38.113708489049884
45.91721954893086
23.220556312953256
51.31133858360774
74.45795860610437
27.025387567574207
68.96711353649667
65.12068603302279
46.74084272462696
49.68322297977784
49.986029948511174
62.62870968104876
65.09600638740008
59.72446989317834
76.05423286710712
34.82601176988488
69.2585797272362
55.61008490015185
40.69009049422965
39.927517370128115
58.51509188290004
35.122939116412105
41.81897074287439
69.89064517584268
27.54458765790495
50.015206926445586
65.86925320020751
20.437869487445624
58.23256721418031
74.69947113712999
29.351716771402018
33.27701503552005
97.68490282992045
29.690529273043648
44.75160768096893
110.01620413623168
34.82657211881266
30.384712040309715
94.44396613594324
29.018221174018443
17.43017673523978
93.39955976805511
18.75526977347669
29.684504267217676
98.74246721513168
10.694599176388095
20.16252692093471
98.45018567893837
7.770656561898903
15.870723329359443
120.42659130427116
9.518859182235891
28.761347020697066
102.54618228424191
51.46973729944154
46.58614845630988
79.61348368961092
31.87110291262439
50.57120460642085
97.25755098160742
14.96841188606515
40.62899679500869
108.74748932425645
16.024032349893567
29.13761359957723
98.5147039011791
11.86169675110418
27.571745402229887
84.99179214504284
25.628922137671367
42.978819433456934
55.287409708938675
19.617852936374447
45.21731982772131
67.70467713856918
24.303654163887455
32.53928058153393
94.71925208987882
44.3281712012367
53.39560867897494
101.2137395635091
62.54572483694259
54.90561571262793
115.37202681039922
80.80580988813992
68.0535681830062
86.70859636095639
84.51738465299596
102.6125830656019
67.07042167964735
84.0617576170073
86.28435437456689
53.945993340186064
84.27029745173088
96.2610623337171
70.96114190841946
47.99048298497698
60.508366671985556
57.41976139568842
28.3607434633664
46.686994492469246
57.00477565280966
9.20535977647148
39.7725450318994
50.46109148979401
35.492294167264724
50.75844434083012
37.49805456445375
28.12156868106088
44.41614257746758
44.32066007727506
67.49884759617834
51.65810128365316
26.249696864345214
41.75657280089199
46.1092638072638
25.443564553593966
63.45001946783765
72.79529726832922
45.36065495349446
61.07214740045815
53.27746651006926
47.26912573659221
55.25788876856625
52.91171339187372
33.2706085644363
24.398163142851743
45.1305543233494
47.654898653841634
14.647368826642634
50.54593968926973
22.384933300624816
19.16000755987297
54.159452447636184
45.78453366862321
22.08822389799428
8.940747261661123
48.43967493239841
25.660712641225672
20.602739707229333
30.338234459380054
43.99006226146863
24.124038381105535
56.18309268620776
72.55075350271487
31.661429506699452
52.35577805365975
56.096018566042474
56.89866463800019
84.28165925175377
60.5613767274467
49.44069939429734
87.14983533518733
46.01224881038195
51.50734860600086
51.8196510075636
68.4042906662601
58.33242713429985
51.37453330374552
63.05526380786546
64.40937298006853
44.49681303148499
96.86459117894749
69.49013327550048
44.40065430072536
112.26052278802246
93.58653999578654
39.728442639296276
111.7404797034079
80.56121187422868
27.35067215817365
87.10749246059254
78.06529135268144
36.97428263869077
73.50522271198776
82.52194502185114
39.2699862277579
45.24000097194775
79.10512989988834
59.067488750832574
51.551065788876684
95.23653592499566
82.0760698420324
60.364656567419516
51.848217821446624
85.8584443909562
73.75321015420879
58.88569739434114
103.3919282743056
56.3411887656536
98.90916930374665
120.208465846232
63.22925783478904
97.26025048978296
116.8881442099959
41.72222291795126
74.41890464860296
108.23388428121497
58.133335883753155
96.59487146739903
68.68617274431456
79.81157322766416
105.04436383260676
59.68029392589205
59.224564355381744
102.44722330427572
54.13451352133893
44.12168147561562
77.94183437802806
58.43167215541694
79.82504498855154
75.34886168268794
39.60213328663805
89.40727453821168
72.11321696136964
30.180671302413792
81.38119882848785
87.7346927925292
26.58442695235977
64.39605750637737
77.63158323189003
24.775808170877593
51.88783166746841
88.43945128189435
33.76417329801771
48.815741325387116
78.70355921376361
38.01150301304577
35.917509437948965
100.5889911884036
49.19531617718521
27.225816252160797
89.92860187066395
76.86198109875842
31.716167350884533
88.13278233330817
106.72814322278656
30.32035162328308
68.29032798415835
97.29831775174536
55.85745071160431
84.59527064552718
87.17891659525729
59.060396519929874
76.94572447396712
43.59225344694286
43.265655122545766
82.22448977368344
37.503999195087125
54.611867826204204
77.96349570964094
37.69727554862917
55.76696964660041
91.27119443742208
60.166468147090825
51.71884672841563
74.36533540860181
51.26807081698064
35.39769976236457
31.64177673007096
59.00180530304819
47.36183431636831
53.31592864637489
45.17574424276005
16.689472620055295
33.797494829730645
35.50426734933982
49.55471246213693
18.467531955965324
64.84491966920862
37.442596486234116
37.093045180166676
52.17423866200038
39.90680909752618
47.9617990098944
61.10641223789457
24.047705730344482
46.558839194052496
45.538563489833784
63.94361928918136
45.99238116219375
70.56888217117884
49.60106693732206
63.093215314319416
34.59160404115887
73.83077359277996
79.65121190480403
38.324281987496214
75.49108831821556
76.47937088273929
42.110163081076074
115.92781201003191
95.62429428111238
51.63648163077138
106.00456021406112
84.94775758001833
68.7572511025968
87.19395409213686
90.89328727064449
44.186829281832814
99.70254214370237
100.32641231883193
39.46921006623795
101.85675646991666
69.62850211322132
21.980529022068072
104.63346274748092
62.160585625274805
53.36397218701795
102.96885334743608
68.3340098654929
58.22684482539471
125.91996070222802
64.5767545504901
43.365572516960455
85.18033938779475
44.80081998171102
29.246934169892185
50.48039809643927
45.464794063677175
22.626452225788775
42.06559777444513
48.98714913547015
34.10409936355592
30.019856328622726
51.79805622617245
20.275273072808627
54.16346388050428
84.49215947274024
36.385911942674696
65.96528381109013
86.2685478872121
44.47173441237153
50.35229930563965
55.783353221875586
81.10611225906088
61.1924472085074
62.05901291112043
77.62589785780398
75.72966094625538
86.96105551247757
37.96353063535382
71.69031222499152
81.16537446220003
23.73998482243581
38.874064498354116
80.14977313515462
23.973806424859372
36.5979206250823
60.49928504728947
50.89322824460021
43.70535932067691
89.84972100288212
76.44283627396392
53.99940863658588
65.7609005261412
56.501408697660615
61.396347644472975
71.00942545493616
65.06056499373037
81.46483095945379
81.56875227658364
77.3503702048211
62.952732893786965
87.13426925364898
67.38063440701457
54.05043716712736
67.0553519859933
83.96433795854402
26.522418533560632
80.73544376260242
45.25635905120633
44.87658989793816
67.08629096393544
41.35511149915199
35.53817270214329
66.38077460316235
48.366125941836536
24.48803465524833
68.87978086174905
87.65936145184222
38.61860230307628
53.01544701635042
88.39469538233443
27.899505318407193
52.594663147121075
98.51256777516427
34.9153122774456
39.823538815743056
88.63828904809178
38.696763282654175
65.43960728049399
74.44345686632097
47.19061724916892
80.42747070132559
81.94555951806927
52.272058330394934
59.981166431884944
103.40676370786309
35.28723613308731
50.619123842192224
123.92501143069904
47.86152089196291
51.265826034026084
93.87056973730093
33.54974663760429
56.36789129063227
62.564104513071996
29.977433616861596
96.0755389484883
71.54141743830137
33.72329698243714
75.09743919942566
52.36976572162108
30.989145527009107
59.25388101522112
56.80203485907817
29.985615167854593
70.88436038171521
88.53207772693251
40.11568547853865
61.498224158534214
74.98972626219009
48.74642406925859
80.12130174422565
69.16836184558669
73.5434576816003
98.26100072224222
82.21814163089151
68.79917870599347
107.01740580475142
57.286950570056206
65.10066452783437
130.98895384702118
45.14928383207221
97.86630864989262
129.12601954641192
46.28153652054756
101.1796542837194
115.45707449872017
44.063580407786134
85.93672564797967
116.62255019190269
72.69506992789752
92.8950908765105
112.7348069948691
65.76737500543483
57.0971174191154
104.48505533846834
62.11403683501167
53.928346899076786
117.90028898196955
65.47985130771605
38.065852684184165
103.84829192299149
74.19150044320129
62.22005827518587
110.56940775827165
68.61776473766245
62.86580322307016
98.432969908782
70.04355136965509
58.52980411903647
126.13595065084678
97.6113658778589
58.718763922993666
134.49949207420283
118.24939491946309
46.42489996111119
136.59256367606324
106.92177546650022
64.56982221054957
142.760899524223
86.75542727890858
127.3343215003872
112.0197491933024
87.78256307742784
121.9185235739583
105.39224517156096
114.35978072496633
97.1037681018858
120.70657748330434
92.59408944187193
71.93640830608636
115.45982868256478
80.59168944807554
74.24375816620113
140.49273961880652
99.70346483546932
42.6214800313821
90.27960342318295
125.69935688949684
58.53722863634316
85.29249251566048
128.94316012624859
68.90148748798542
96.73728116410456
93.30413032993418
107.4947053218214
54.710553512450765
86.20203340435934
74.98724710949195
39.96104380847855
60.9317485771958
89.2789532905783
55.83676650247518
47.215778680060225
95.78782212741613
36.37510176126663
53.215789580877505
97.91096282208919
40.51779044876231
35.62453420569764
121.05091630443876
33.62741755333216
46.74514861017923
127.16368561520497
20.075903510011894
49.462788353118114
117.21087005320517
37.062530676524325
64.0254021746616
106.29362499249693
14.892614980633896
83.29564234636287
124.03096716629264
37.682733298327086
108.507606981603
126.54177781968887
37.88045013666931
112.16445858376653
130.24428270219025
38.58223307052253
111.27677125972765
132.49064254283005
26.001695877409325
147.8538670637652
117.42634950885355
39.138574617878724
154.40734390123404
102.75946870195425
71.66174593001216
167.15118218096964
81.39512636279296
52.898264042278555
151.1583839402315
87.333631767132
42.385920978586306
116.74871973995262
99.83873809983004
65.89544507636226
132.38261270938855
134.6692145898527
97.22953230741135
94.41938155253277
161.6760102490226
63.15161218660482
68.40194614669753
163.35854665862013
57.92079981606163
56.387013528110714
156.30719733053184
45.302344854873006
69.79894141099372
134.8046053622775
61.18860332242366
44.25873515219014
153.46111146492711
94.38484552156717
47.027103258647024
157.29965788916587
69.30860676914153
35.19338647937853
168.06935448586066
66.14615545672021
45.76944754091136
176.52003057648867
73.11706916868543
56.21767499210952
185.79867996863717
31.2032550443761
72.83541038437437
160.14103272183522
56.6306322416229
87.17861704820727
172.75484852130782
59.099831595118346
77.13460516525618
212.43610374512113
57.74057250391327
70.72831173578075
212.0203402766253
54.108479925267694
83.02660230381285
175.31371422737195
71.33857497612554
76.86662161250483
164.6306347222489
105.84670849994357
53.20450425774655
183.876692425463
102.50471225872624
81.23940829447493
144.32872374276465
112.02582955462229
68.02847850843277
166.85699996754232
120.31329696359641
64.26449127522781
137.4881258528724
76.2704152019219
63.62173114306368
169.24984039302223
53.40171240609973
64.28616217532152
153.4976615541089
36.469080577253564
52.20997147250381
89.12817705491258
54.67091696322913
43.25563515652001
74.77379854502234
107.21012980818881
49.46096138589915
81.17197855631085
95.48039777550636
38.66177025469094
56.4148828885564
118.43916722824426
36.39669596507639
41.32602787725363
118.38638321564345
40.935490407270194
38.46349052464654
102.64950121898116
37.41281398040152
42.34324956771364
102.85241209991393
38.193659284529694
65.46838950383533
107.29730706635054
43.59566600055762
90.49771198614413
120.20748349506108
69.17579085651805
77.03310046019112
116.43608567092076
60.956757329649434
61.61317473989245
86.4603048482977
49.55264947955996
65.05355249625897
106.8335497769684
62.23539008944853
50.37572572876538
110.99206769296507
59.26815165445872
37.18482832229032
90.31076792515837
41.55020899170525
40.37985047731257
90.78734948205717
46.84200770749047
92.42091279823332
99.37445232869042
101.73295185126833
84.90930943732536
107.59008758335891
133.07718769938376
90.44029414198498
73.63053353508995
132.25349481923263
93.01435496757811
53.66487430725637
101.11969267778129
108.12433342172025
67.28518148938433
87.70140547019415
121.66522544676317
86.48753231572317
79.64794447066478
106.37306778075592
69.17179901832195
74.98740435806964
112.46160364258549
103.57658274126256
33.28269952025185
78.85317062833757
93.91118972788321
36.19081643222969
49.45320429223728
100.70506995647179
39.5381162248638
41.85222986092795
95.45681829258866
66.69078320158613
76.88012827170877
79.20985618338591
36.17934438630223
70.00281919680711
77.19797348262159
41.933677413660675
62.882872807589926
74.59311779410346
34.49445011416256
86.74624688094373
60.02789882178853
26.547837240657202
86.56469703741978
63.533893454173764
29.219585916796785
60.815631946875115
85.36521737997815
26.70000950087418
83.52231684796766
101.79945680605312
35.42058785869047
94.64053999116277
111.26354282163271
39.076604064246304
95.95683195708712
83.60305946168532
48.24318781355397
117.26368128434869
69.24550841662939
44.87046439134453
116.73889792831366
56.61661738030432
31.557797631084263
100.9035552010738
37.96529146420786
39.558850120705905
93.76090801959847
29.068723195470895
30.920012242756354
77.89036035027665
31.29284548810682
46.69670162864408
24.970559006810298
28.37817769070663
31.48977917262232
16.478917540547542
17.464572615602695
51.08125790428811
50.12550122692068
41.30210850020957
44.70061417250415
71.38936334334193
51.171378811872344
41.906095073852065
53.48287989045981
53.28276200015337
52.19180524606822
62.631054958450335
65.61115262657472
87.3014607522789
90.10731912569211
78.60670158720123
91.38659114851971
74.47162537278962
36.292207516887885
87.93528857008823
80.88320842500623
35.07096939786871
93.74133543360801
69.10210923381015
26.31869672573293
107.2181343475365
78.40354145263063
28.22838834127674
96.98688527274803
59.31695921106727
34.63039374536838
73.2478401291486
89.28356572077274
94.03178100492623
101.86497277773861
81.26312205788682
87.52438728455678
123.64441475435103
64.19080931196561
74.79487968913782
129.46007542064842
71.50135357417487
122.41870079059804
128.2261772398806
99.20085210299334
86.7289045363546
117.30524367876107
95.75437602613911
103.86230843655264
103.26422027237638
105.03179382551878
118.74485940191339
126.30224296038121
110.8067763133113
110.20524843471505
138.21812257246907
103.99684914680985
112.34270172914233
140.487260681373
102.70023084953701
76.77220595926991
137.9036264944675
87.60783282622891
61.587909435875055
111.24499018211733
83.17466971664093
78.89683358621869
116.58524428282458
102.3374009152872
75.93986211703177
139.03816960728193
132.4930794785029
67.34399080336384
144.96196807717783
123.22587683006967
97.56979448552318
124.84500000956301
117.49961250627085
87.03046366503833
112.20032261577184
123.17765692311025
72.7147763962051
86.02128201333754
116.75595928715578
69.32858231773427
63.55696034592802
82.85125877485979
86.75184738093651
61.712134570993356
99.40461274437075
59.54199862671277
65.75359741464673
74.00088684579457
40.342218758994186
67.23113369331134
73.96626841464995
33.62913382882944
41.29810885124944
94.36021176293394
45.703728309943024
64.95228812684125
88.70763751298028
61.61076250477724
49.87791524530328
123.42262835430202
44.395311890638716
63.18447994729661
119.52626310364049
50.07398725354548
43.5542795235548
133.07857299348265
46.818531282071646
69.93445890560726
124.59054782978212
73.27658923998277
114.1943599406595
143.94502004663306
84.51799489646518
83.73424925627629
147.45818501728633
85.02344036183219
92.17276496313295
133.07110797942238
77.67038940602482
103.42146709694742
116.35593502249377
75.2192116792831
95.69551235755796
97.33758442486267
71.37071870361012
76.3619287524031
93.7126045832981
72.38930157599057
42.91576775656153
83.03239431231954
51.26313285348141
40.99248135096126
63.20359724279543
54.73673097933929
15.459607035471835
70.81188538357472
39.67252920076656
28.81947769236443
69.41776347952023
62.61135589037149
51.03971689151875
63.29847460339308
69.64144683944998
53.07711397322538
61.960127930956304
73.89490865428508
60.0470738336877
45.18508960721848
75.44789826772437
78.81285563015317
43.708167862135745
46.006165560148276
101.82919321456555
35.356828724962604
83.02170961918212
96.45523838955039
26.761546334289815
69.02968893298763
106.59641041994755
32.292726183379656
54.0416663471969
103.07564976594465
15.28132092142459
53.712764561454634
108.6708187750617
16.55439379128673
48.721132381179906
102.44054293956464
46.98139200606228
43.72462110001269
89.52748788061065
61.55013653713145
86.39157759655586
65.309896407305
38.214197488147356
40.835451592817336
24.132333106739157
49.04591857524912
39.403421948105546
38.64519663480708
42.11574290241255
33.93285158678641
23.196383326083165
27.568287460335
45.50565236501837
57.74768462210231
29.759887062939974
64.44346213406476
34.16159542966988
63.69364465359333
84.65102779239606
50.0229638580836
50.34553338288725
97.87009540888637
61.97058551175208
62.879163575181565
73.348680064586
68.60477432543487
48.44371614688404
69.95463420234411
71.90906582615052
63.96262176463737
85.80649091618143
28.65638034025474
74.23622252425429
76.6709115236505
41.86744026625302
58.82817452627106
59.93484316073604
29.160808338626893
32.94827256958947
62.13420386275179
26.052703235206547
59.492318138553216
34.98536807406994
5.328888136169208
17.143773675460395
25.882203888052935
19.102609673531262
17.79180625865527
39.048186853875116
35.29985394661395
35.46746689256247
38.19300802023615
36.25579742328056
55.18646729939023
22.243030356856686
24.79298849697224
30.813216872825514
21.436374364671337
51.997953338197554
28.58264026184304
35.74354685767032
30.644077412533264
18.626541677518887
47.49651485121374
44.552029371081424
36.14608393770218
40.750519707082674
35.95141388715949
54.75495729461369
25.622053751766682
47.816777567039175
49.28334157740256
14.413854239897304
41.07164912644489
77.55091798007777
16.033972470002496
33.22758703975254
75.09106392939142
53.03608550513759
82.29841186531672
100.50062367411097
50.874819322382805
79.62245946293122
126.7694023894289
45.74460159742888
76.35381472766421
120.48011268123282
46.56382541454386
79.0295855951122
68.10286725789376
43.58867469164904
54.89736756438951
81.09721382841794
58.66324608766718
66.27405387100428
90.75207533011414
54.53068203329964
76.83622126585115
91.52201859337166
83.67770269291947
94.44102859475895
96.18296398690602
70.54158776289101
86.59076288054116
91.36458073574109
84.92302913187656
58.470543186058244
98.41679609270425
94.74423035513189
89.42148831871091
92.12668546356748
128.83901974391188
70.901459482527
91.11804125490802
96.47463932448207
34.28867712744573
113.23780611027385
98.60020221772986
38.274250252385144
108.79055121880934
90.43836384080397
48.526741708747636
103.47053577217062
74.4273039134786
60.62174576123068
91.80966731246325
94.42923515530342
59.46711322135741
70.72413120703396
100.37877001831374
52.376778099993494
60.43526599153746
103.56090867887056
32.44381473507325
61.43206246832939
103.53523111919097
36.63049984522887
59.48799856381649
86.95034219781361
53.46596933474168
48.94174906752181
125.08389829426582
35.72710926433645
52.07194784730332
103.54016103663707
31.04137519278939
56.91818310425213
104.06722596638454
50.71272164488703
60.20456761704588
102.75952406885786
36.80332533671926
80.37295939629799
97.3576113955985
27.736970684156493
88.17418385482893
87.8157045667877
43.86004631154257
74.26172303063056
103.38993378733275
51.17009667944164
48.81794484114779
98.70475302947345
46.90321399560489
41.63840168417709
105.8635450391481
45.013853536791856
37.580042902207616
66.92294269687484
38.90820319143039
30.475890973156723
62.97292299752481
32.05053762889063
19.906040670250185
64.19528754178106
43.470396013952524
19.28701164122207
48.28298461321451
34.073560552551825
11.281355451484048
18.697452582806143
52.30219187561233
25.981854810464373
12.405503470672407
58.59748353200383
47.443656901681564
30.003146571902054
31.149156684235223
35.373486975163225
40.915900148776146
29.226331667880345
28.809158720475462
70.3751219144203
34.86613698432263
21.854045166587298
55.45875247814036
36.360542533712305
30.439093112409985
63.296124879492
41.575935425336084
17.17126974673267
48.38389211560959
25.132267802647284
30.346538660383203
45.57182619588342
32.72213172425562
28.65756975415997
32.17114782827749
25.360471107763587
34.76376909028644
31.780792898755593
28.527890387648924
28.765770853224122
43.88027593587127
37.39866269046859
22.528683631447482
58.426537627667294
44.35235158530491
25.182181628312698
56.63714284131479
45.40758832317214
54.91291663474218
91.62604101483795
45.560577361521624
82.32382588973317
84.17098977962476
38.50006738796841
73.98733983750155
104.91214886682492
46.6477804722575
55.880454910461594
110.9210177799785
44.23169101176779
37.62573542014862
141.70252647792063
52.18556645609733
52.63484558178391
174.33017450003848
45.06496183517141
54.83505729773138
170.39808276705656
42.2319427955179
80.04321286726592
153.60613473315652
82.53643869312086
86.65264028267582
147.2908157845763
76.94670735270373
65.69975487422984
166.37050466559344
74.12482270431093
67.32384254950381
173.60086639553282
68.27993720773198
41.65819402787709
149.2123905867994
67.79603252445403
70.177988787192
124.47164056608501
56.288043634063555
46.05911121828415
104.79336429585267
36.62454366964397
35.049749230740915
95.59035708845705
34.75865374881383
60.10699070256162
97.09931384304622
68.74398942048605
70.6905263957512
77.7356208683631
59.92995085372922
65.63539754318666
63.48308503381891
61.86245395674708
67.27639688124509
79.02702002181265
59.78470093142243
52.0375541309643
56.527311318929875
59.89655132721775
83.61179060822883
88.80257272747853
41.0268557592661
41.57680703664247
38.36179485927255
46.36011118384779
39.515192158251935
42.548605916749025
44.072339066505435
44.16266357754082
26.110269531768452
21.0725500268167
44.340140339387844
39.85336313579214
25.206158676373196
55.56519635848092
36.8338744502023
29.955591481523356
47.29762775263202
43.9967237279934
28.187042633183555
33.21532892069492
22.084146095540554
36.76906153998546
38.08170490501044
35.400380100460744
37.4223144543044
57.46590468770424
12.280962509383262
33.41091565501954
31.097749568205497
31.165179485399
25.910454586126203
20.077223904379945
31.708301402329486
40.35893057424888
76.72903240402579
34.70297197608427
32.92717259438457
68.21281302575656
42.77438368214587
29.8722071837117
81.87095163398146
59.57968034664087
44.366915003842614
63.41752838434967
44.17384701966651
48.818104131595945
54.212750159652074
68.70556089486814
47.14415698718863
51.77267242685976
66.51706268265897
78.42571769956476
35.517849840985306
58.9798031243689
56.61717179610296
33.6846126242618
66.31584797764769
45.67561670193986
32.35369241969445
76.67277087227096
21.30259175897487
56.370619828728486
53.36366236216648
31.009494966786264
69.955533432631
46.66722528175534
34.94770186597414
85.96136648098964
40.826031466431765
25.73481975969351
133.5153600080308
12.690209555935553
10.741445694140895
112.42371123136903
16.173628492316954
17.747094129196984
114.83744092029468
27.67863880548355
39.53383817326678
93.43267503928371
58.4833722438834
23.693586575106416
105.13805703411478
43.74358915019388
30.236734548786398
105.97142459411127
64.41246920993012
43.12882241436996
116.66713550237742
44.595205219610065
34.3682395348794
87.94489443455487
40.16879447431393
27.944478548713573
58.732774507211104
20.025686662366574
24.309572707358715
61.55801018606632
22.392222420371233
30.693814798236016
55.775228879265256
36.471597631440325
21.471804784368043
57.4898822505637
21.435115678956638
15.227993540993833
53.99161835009119
18.67808827976396
17.651141616777302
55.55742204316755
40.56133179873037
24.58835741698492
26.77355399647962
43.42357008030869
66.69692497804516
39.13435478393833
45.406357899814765
48.92459156750071
45.50447226929277
62.32230129154826
24.331923408734486
40.86099647558351
51.037433426043464
44.973351215814674
20.048823775885815
29.787295461298047
15.825132616377136
39.72293404080021
40.01749927670099
28.14061004441149
44.59715999097298
38.018849006671175
66.7066674611252
30.667291562508815
39.626857539979056
63.39446009808884
18.041732247502928
42.5289246425566
82.37422702526466
30.391471760963427
57.65045125576448
67.51236058418375
24.23256900885848
48.4291891157139
45.829696783131396
23.328954254832425
27.047695037245994
51.03009495376148
17.743523351988955
33.3454483791048
47.65757290489908
15.88849058572445
23.996353027729533
46.57132201897438
22.82575245346164
23.373411348911638
58.360867385479935
16.67753906391423
45.17031183930278
66.18317066708113
27.58909895752205
39.34890491995369
90.71130220229487
28.028288988131067
47.5663810636744
63.68650437829368
25.820289728844553
50.08153738922985
62.50057302861391
30.75491044208908
69.05383411525072
61.858480800740544
34.86608953274979
87.90117987932797
61.63196844884298
50.05855609941878
101.72345226699919
46.59335442211354
47.44393632644836
91.57790774863888
67.23454208422662
60.62941814480154
73.5912688825759
94.56997571510512
60.118117980348345
89.85694624223841
68.9371766385366
37.2650638733722
101.49645870632693
56.305285208495846
22.083632755030145
49.743601286146045
43.56903493894442
45.86340958798483
49.36247297608939
55.61028216340969
94.86051403451398
82.34279321749318
68.83930960663072
96.79360454049579
73.65759291689531
79.8747546191204
86.62131584621287
77.34965477032898
92.26401481528256
83.40216483665378
109.76795886285
87.16127342773581
84.0853532934263
109.388108566354
84.26711876450821
46.855230221706876
156.58036452746913
72.27406605691228
49.33471663962161
155.32918226470233
99.7500210826028
69.37877133470109
161.4249880813341
98.69811381047427
69.06336539114676
143.39999766248022
91.04659088816412
90.73708571972708
141.61385181597547
83.00895912543044
47.62875425428478
125.4551059527379
77.46556870950104
61.73454007524584
120.74514121355175
50.378477278449374
110.83261721821347
125.54695725929365
46.445980642889246
107.81118671226767
80.53006091901963
49.05165023729701
120.62038277273416
104.30809223507171
41.56212024335845
136.87996140876456
117.41934988621536
63.77765211634225
143.32455707939295
124.55157163849793
