[37.7071659571,82.8348010529,27.3591540703],
[35.038760108,60.1785524104,28.8739825845],
[9.50242379625,52.3683739984,9.52784724592],
[23.8371079749,66.059568535,29.6399042782],
[37.1930681577,42.7630752764,57.230486043],
[30.8299660625,45.029753934,98.9534087624],
[20.95333976,52.9736883408,29.9130496908],
[27.7826928153,55.2136301657,34.2421127636],
[16.3562107717,18.6484731284,17.013159601],
[37.1988233575,60.5235044203,63.9600725768],
[11.8388823449,30.3468037637,43.0916751424],
[10.4558472379,32.6986264817,24.6413075938],
[27.1072261718,33.4070257646,29.728274597],
[19.9115151123,29.9921850549,33.9207311109],
[54.3115506759,66.8607636739,24.0526095047],
[30.7184058525,33.9304986649,15.8950400292],
[15.1867685788,25.1493867654,23.3152211606],
[21.0765894576,28.9077449968,35.0370080617],
[22.5379492838,29.3595141409,43.6834867791],
[10.0139090199,71.0967594968,16.1860422921],
[21.7770651631,22.3183432829,14.6128031438],
[50.8394801691,63.5845421109,82.4418609059],
[40.3236729211,63.8199328219,59.7710051944],
[60.0237825273,85.4456118056,95.3210431214],
[14.0382512965,39.313681119,65.2805574894],
[24.7203734917,28.6955352634,49.6332558154],
[34.5868508511,41.5909387181,79.9997006093],
[36.5013660449,42.0641006962,24.8591254228],
[35.9603752521,59.435869463,66.4354316047],
[21.072761396,45.3923456106,55.8116449618],
[41.7255360926,59.1084269395,94.9626474035],
[42.7065678415,79.7027916775,76.5941101447],
[17.0467513287,42.2590104166,48.4288213441],
[13.4842897831,20.7101556486,16.047029329],
[30.552472845,51.8933023461,97.7754892079],
[45.0084499799,45.4688551599,93.7560133821],
[18.5003542004,46.3147733429,41.8141841474],
[48.789721016,51.9755227468,45.4599621046],
[13.0629804034,92.3670692984,33.1185806835],
[34.7868264358,41.5134775292,58.0280125851],
[21.2303212996,29.7694703023,14.8483346283],
[27.7471329907,74.0011675887,101.777997278],
[45.1019417315,129.518004543,80.4174317953],
[27.5033328975,94.4909700645,95.46187831],
[21.3852168956,45.0758147633,77.6039043019],
[13.5521391051,23.7033873516,21.8641337498],
[19.5201242842,27.8759346573,24.1740007235],
[17.4484313474,51.4485209682,29.1064554163],
[21.7966641735,53.573305565,38.998848631],
[21.1111646728,54.8740173565,87.7700210881],
[19.0875524461,19.2681319399,30.5545007844],
[31.254821186,127.675879835,11.2019964039],
[45.294396502,59.701709274,12.0617388635],
[15.2035620562,18.3275372904,33.1496875613],
[68.2516165341,104.254369954,109.968320307],
[30.9504976908,36.9059336465,98.5945694258],
[28.477723134,43.319528567,74.6578949158],
[12.2018987738,33.0382375062,21.1311313151],
[38.1986786456,89.4085067377,142.044302437],
[27.3439732853,42.8681127389,11.7760373865],
[32.1132266144,62.0118614147,57.7307007599],
[43.0848999982,74.0773082137,53.1365353955],
[26.7606721756,34.1496892713,53.3767966118],
[31.5222571144,44.7846819034,101.17920912],
[18.7856305749,45.0899504537,35.6366106283],
[18.3580224738,36.9145994301,12.5860009335],
[57.5115959441,73.881069824,100.160863644],
[30.5572313738,74.2592455389,33.3234368114],
[16.9757180135,46.2522213648,29.4385327658],
[27.5685988811,104.457337721,19.5135130015],
[22.51859137,44.415584471,69.3174915423],
[22.3004852401,24.2247117165,29.1061695794],
[50.9215752298,138.627148469,20.333996603],
[38.3753263317,55.6798300831,91.1320143404],
[9.68262695952,23.113234341,12.359393283],
[41.0059198256,42.6421870356,131.715525951],
[56.7046856953,105.647763767,119.942635464],
[18.6577953749,39.5417336843,52.7664576569],
[13.8372751096,33.9095511722,41.7178187734],
[16.0814332904,32.8118981129,41.7747549434],
[57.5681969984,67.8581337724,65.4387444015],
[23.914373803,48.7745897446,51.0928524962],
[27.2534888995,58.2452179531,89.3190811723],
[44.6567733689,113.940207973,29.9962150811],
[15.0394260517,53.7887985331,22.157490295],
[18.5179474825,20.1225534534,54.5970307367],
[17.8173262287,46.1293344244,67.5786230153],
[30.9192340565,53.9203339334,38.6924285323],
[13.2148110661,21.6341156546,45.4550025262],
[25.0048370495,28.3843912575,33.4381864192],
[32.7478758745,32.9543519889,24.3797587499],
[17.1514277834,26.6839647389,12.1883705482],
[15.9873619435,30.729350001,54.7423212601],
[19.1109516863,39.5645365072,12.7959785733],
[51.1999197074,58.0960545464,71.6323147634],
[30.2130592561,83.9699972553,63.2486846227],
[23.8975213938,85.7986060596,43.687940338],
[22.6765668622,37.7325762602,18.7842666472],
[25.8305343606,100.374894809,27.6790842961],
[9.78860344117,29.3256902326,53.1156619704],
[12.2811811376,53.6361172705,8.76313736703],
[35.0150543128,56.6050187655,80.6123633175],
[15.5021027248,39.50643991,26.9498705104],
[10.4104493096,18.0486051326,20.4483161952],
[18.8599603961,49.3073442367,43.1590684526],
[30.0386173163,80.1019935901,73.4516586318],
[8.63721089989,10.9568468796,34.2690661758],
[14.1615291479,28.6193573982,15.5255252021],
[25.3929149762,105.129741664,59.5910766276],
[10.3886931208,23.0608137519,20.358309814],
[16.8574220327,20.8731714754,37.0080677733],
[48.7037069886,53.8057737651,129.16518387],
[27.6004856046,28.2109389205,41.3110467238],
[31.8067921277,36.2576685045,57.7717707871],
[37.1174169101,73.4714234443,87.9759524684],
[11.9765048377,28.2777578008,59.0424476965],
[27.7823619152,45.0244214409,65.252223145],
[12.2130329041,53.6039681197,35.9368461071],
[10.8274485425,63.4134563733,21.3257296536],
[24.4169927595,31.2530935313,30.6143031601],
[25.5643695396,28.2057483034,26.0055362968],
[18.9728220948,20.9845017663,19.5970819454],
[76.009137542,99.6292050925,36.5369820669],
[41.1389151316,73.1059720241,38.4573419682],
[20.862211142,29.625002749,10.6354981629],
[56.9566162441,83.6478483653,68.6270238776],
[50.6481500346,61.3092866871,169.81300984],
[44.3260376682,49.7809171461,55.8369980085],
[30.8817604359,50.2627332136,48.6236369326],
[31.3881620626,49.3232550854,51.0700979313],
[15.5141836016,18.0871683449,44.7389881912],
[24.0497913161,45.7647474765,57.3927941229],
[21.4107155399,32.4106268552,34.7429449874],
[15.8497219746,37.4306785282,38.8403076783],
[41.9925555421,49.2324742552,46.3932955865],
[20.2269362931,49.7114908975,40.2499075825],
[25.8966900021,49.9520488073,48.7741328011],
[31.7219165363,42.3757729712,35.5215159082],
[23.2805599457,37.3987287044,63.1362227754],
[42.1859032161,44.2124148964,29.6442294537],
[25.0102168626,46.5365374679,30.6755804457],
[15.2079371562,33.0541070067,26.0179055507],
[34.4805072336,54.6374016583,46.1727552649],
[15.0562981421,55.1865675617,32.9234162321],
[35.8705911547,58.667624557,64.569079229],
[15.9049297418,22.9598961586,46.9438226348],
[21.5593080998,81.3648417545,68.8281733814],
[19.1712685306,42.4540894635,54.9530651299],
[44.6025256942,67.2399505734,89.3819680582],
[25.9197600387,31.5200380393,49.4439201703],
[25.4467997634,32.4842728055,29.5701695985],
[25.2990990594,70.595530561,43.0029444148],
[26.1719231609,64.4571655236,82.3730689445],
[9.10144606124,41.5999931849,23.4028853687],
[21.8171410324,22.0303995371,61.6286479164],
[33.3582445835,39.7689037466,75.5065261402],
[25.7165547708,38.015915451,43.3093024901],
[15.7939955475,42.8312812368,34.4206513252],
[18.0590846459,35.762728221,18.1306917489],
[22.926868735,34.8089839979,14.0051566359],
[37.0142923103,41.443108695,67.6908495868],
[39.1526855311,40.4943620952,21.2913179385],
[34.4640657352,62.8516998011,71.8310358209],
[10.420324973,78.0498180536,34.8274821959],
[25.1058735531,41.7548125275,26.1217588347],
[31.128887392,43.1825102928,48.6195385028],
[18.3380709474,58.2134760829,33.6924179536],
[24.1898089449,33.0445355265,41.1946534715],
[39.458516341,56.0319325563,52.8769995558],
[29.6015909871,34.8201558826,47.7752454997],
[13.9362680042,34.4543192333,49.0173799148],
[12.9959509308,35.566652854,38.3722468084],
[26.8256121409,49.4310503623,56.5429904357],
[32.0844993778,69.2080620489,39.9841633118],
[22.8154981299,33.5991127168,71.5163446869],
[26.9895967659,60.0233377586,68.3547557724],
[29.5410208984,34.9484285255,78.5065103481],
[28.6528125841,41.2888585006,37.0515706402],
[41.4808431493,42.297040679,112.360011971],
[18.1753282318,83.697018903,27.9854653496],
[29.8373120899,33.3682094316,44.1822980641],
[54.4914010024,54.8426195461,42.399135636],
[34.2911157078,96.9249204629,37.8698387472],
[46.0649938401,66.6744076529,25.1476262562],
[16.1169034348,31.6648554555,31.3392968798],
[24.315676673,41.4416583195,64.1706206163],
[27.3903838561,68.3845086286,58.9575853775],
[55.9206235281,59.8517978942,51.0697720901],
[23.561231184,42.690076577,39.5237995304],
[25.7800848231,26.5011801959,18.8560020601],
[27.4315913698,27.80458524,77.1804992509],
[22.5956700738,47.0009757333,39.3997693047],
[26.776861521,42.6481137256,26.2046886427],
[25.338022781,36.7320681804,39.7415993351],
[29.1848962928,50.7333415778,76.0196023573],
[47.058365587,69.4988649676,53.0888399277],
[13.4180954902,25.5948850836,10.0829721342],
[53.8348416184,64.1449065088,49.0282274488],
[35.715123294,37.638889027,71.5440365474],
[54.5524189236,63.8699849336,62.0136573609],
[22.7516493419,32.4751484041,25.9367843734],
[17.0047597075,41.0647070235,40.2747425039],
[32.9761755098,41.2701638551,56.0679258849],
[28.6188606327,43.0095012038,28.499196915],
[25.1716944755,47.4454945981,67.5365503893],
[10.4250367343,18.4034114677,12.9664872743],
[15.6421497545,40.574160083,24.0680184769],
[25.779239078,26.7199358587,42.3064949745],
[18.9294326862,19.3935007165,40.7335570669],
[38.6364634003,48.6205503643,99.0571204372],
[27.0452298235,28.2245617709,63.2244077712],
[18.7653151656,34.6916252283,30.1661318567],
[51.7832439081,87.1964314775,102.22576856],
[19.4365232073,71.0379409891,21.2264501018],
[30.9283978009,52.9279524323,75.2851022272],
[21.2818794779,27.5406848469,23.0307387148],
[29.4739577928,43.7555527075,63.7788929124],
[32.5363399685,33.9081212522,98.5235633459],
[13.9518976697,36.4919154782,18.6659479953],
[18.9546798409,19.7565874622,18.3969335077],
[21.7356293959,26.6536325518,38.4268799271],
[23.5006417451,32.6848868709,18.5362516667],
[29.5960924203,33.1300109295,72.3175383463],
[49.3734802853,64.9043846364,53.403857674],
[32.0006657132,49.5426085037,50.5990380363],
[77.8023467507,78.2931372403,46.5838773268],
[19.3301699542,20.8974748208,43.0847895981],
[9.71407281766,29.1171668202,38.5882335987],
[27.1654318603,40.9106133344,71.7231426572],
[21.224630339,63.5558916425,33.6514694938],
[10.5313244883,46.0953404197,37.9294200743],
[22.6244171683,44.3900633184,75.796758297],
[37.5806006594,52.8985279106,30.4064354695],
[31.9056990967,34.7641207986,45.2366798017],
[22.9805984903,37.3477494638,43.3732620678],
[16.7021880488,17.2788436533,32.6594874894],
[29.8607949819,85.8288651384,17.0523894417],
[42.7351397565,50.9589097112,32.8921342079],
[37.3774369141,40.7275981483,42.210081462],
[42.8972758124,71.587571157,104.245837743],
[15.2634015485,79.0629495535,9.89799461142],
[42.4251505767,100.38402066,85.1885152086],
[39.3036117858,57.1827103174,81.9131957826],
[64.8115144421,80.2300872413,52.0392219761],
[27.3699770578,50.7233709583,40.4612323601],
[26.9873709906,28.3576790706,32.6042322081],
[34.6120679726,78.8702190187,89.6216631853],
[10.2452754074,22.3603287975,24.0827083195],
[23.5284646323,119.184216088,61.2690423586],
[33.6041793716,37.3506499507,69.3526025442],
[18.098935146,49.2262362981,28.2778549306],
[35.0126524378,80.0962024884,16.280545917],
[59.7079982368,90.7528843265,58.4554543305],
[15.4269116333,42.2882828617,43.6372477494],
[33.4988504283,65.8122153095,49.2014219271],
[14.1364672283,27.6185344534,26.3342589229],
[18.8501930074,19.795587561,45.0218467966],
[35.8800020095,116.594979901,65.7301805771],
[40.9460433096,90.7072887886,148.803375382],
[38.2272826811,57.8905241631,20.7429906317],
[43.9837333556,50.6665975847,76.5260905062],
[23.7568147441,39.4039503722,73.1673632382],
[50.8551655354,62.8234771837,156.213003381],
[21.8711247548,22.0006176759,32.1166798984],
[24.1054148875,33.7782484372,24.7991177671],
[14.250994504,21.5750918597,34.5317781457],
[37.035937684,63.8333591147,76.4086768779],
[49.7239075383,50.7869638949,84.9008298807],
[23.5312381958,34.4147470876,99.3938412755],
[70.4337899457,83.6570538331,129.829964554],
[18.9200837046,33.9722052238,69.614503072],
[33.3308945749,35.0065741116,39.8246815201],
[20.49149818,64.07459361,75.0704068738],
[35.189206222,37.3371804834,67.6377063818],
[15.6896063864,27.6522390126,59.4197665552],
[44.5333298905,58.064769394,85.5771937202],
[27.2776461395,29.8598727019,9.24025704179],
[79.5478959264,80.0683100773,80.4713143442],
[16.1183487516,25.2289768852,57.6891081952],
[14.7329014748,29.4058486286,36.2821816242],
[14.0047953738,47.3035004282,55.7559069782],
[49.9958413376,55.8135939712,110.239970442],
[11.8391006051,26.3598511877,20.8268361305],
[19.5946209122,42.0838835122,11.8584824083],
[19.6404468808,31.2469299551,68.8483667502],
[19.3647160255,37.3032886975,35.3128580439],
[31.936195664,44.9547312317,118.611217936],
[37.4882901749,52.2082684082,66.170672309],
[22.1653777071,66.2068079955,71.5026698126],
[17.2056420884,23.3963044275,26.1388424611],
[39.4592774775,45.4351442187,63.5567925471],
[18.7173963143,73.3987730735,48.8212137984],
[48.8108929469,104.304207039,66.2111212285],
[30.3769039561,32.7614362261,41.3612738213],
[34.5922556649,38.3650647377,38.434082907],
[39.9204539201,60.7593417513,80.9921276383],
[15.9888110365,17.1305796606,33.927959483],
[21.2427371061,48.5606416756,52.525492846],
[26.11913279,30.3483069123,84.020239312],
[24.4280869311,92.1887414081,62.0930843949],
[18.1487695702,34.1524234574,33.1420863563],
[24.2120321532,45.1353169569,55.8702016917],
[38.0130118832,53.2793403598,61.3467915068],
[28.0406047862,33.455953202,26.2607222496],
[38.5782454041,76.0430538788,67.2623250914],
[14.5050369939,21.9593928726,24.2242527803],
[42.3213193127,60.3051897578,32.384086667],
[26.9177303696,34.8515843465,83.4507212367],
[6.57903017928,71.2037819741,34.4750693592],
[26.3005935073,47.9766680427,30.6169815124],
[33.6502046114,33.6783404216,29.951405233],
[57.2747191833,75.3290771123,63.9502937657],
[29.6469392589,34.6762765798,36.2058826562],
[32.6210409573,49.5178434578,132.166879509],
[25.880816391,38.9336380542,51.0626121145],
[50.9858250653,81.7020026812,62.3038445656],
[9.77503227164,11.7956856812,17.3466501276],
[12.9354631663,22.1131935872,44.8052412959],
[11.9479612717,84.1515797785,29.825764295],
[9.1686257785,46.9711809924,16.2048542937],
[38.147901752,49.943606462,78.6578568473],
[89.1440886553,92.1624685899,123.12919376],
[28.1574344851,28.5929977031,12.164003124],
[35.8996584591,41.4247438089,103.528954768],
[32.1568703847,38.1142761071,66.67095013],
[47.1867095123,60.5611119993,77.1252284726],
[25.2315769923,42.0276014874,45.3786662474],
[46.300082944,53.6726205449,70.2079703305],
[32.1320424613,45.501479345,33.4155256241],
[26.3504689854,37.3784856476,79.5970873973],
[38.6850018473,73.0961134862,153.729982904],
[23.8133258942,34.292823614,88.583128331],
[11.1316647863,32.6092776928,33.9235663316],
[14.5351116426,38.9282055758,34.5503729628],
[24.6289434921,46.9261959747,80.594774318],
[30.3745442925,32.5540220048,42.9179352522],
[33.3178622352,35.6007812659,57.9152856922],
[18.8484720947,44.8588014965,57.6819280988],
[57.5508055042,64.8633688291,71.2820669209],
[23.0159648981,24.1586968712,52.1626965021],
[44.5917117378,45.3475619217,79.3779076796],
[21.5302341227,38.5701499403,44.2991735912],
[14.5180347257,15.2733023321,35.6250850822],
[19.291807826,25.1922546077,30.7843775183],
[37.2124119214,42.3547542377,11.2493196742],
[21.9215262824,43.5641771708,23.9110575768],
[28.654025977,73.229560007,35.3527142408],
[64.4801183004,74.6687899518,86.8622219128],
[36.963461957,90.1535729055,76.4191706599],
[29.4686246683,54.3885929251,55.1087763713],
[18.2346888636,54.7373560442,46.1278660578],
[41.3217301172,52.891564353,62.428705197],
[43.5299498463,45.1656333859,52.0566191364],
[15.0235081175,43.3918685438,20.9475573172],
[29.9842984248,51.9302640526,72.678827009],
[47.3524507446,96.9327184299,77.7369536795],
[29.5833164378,40.5687813303,70.5099042264],
[31.6844035516,48.1047100043,114.298544869],
[41.0548349274,49.777352027,39.7729600931],
[28.9994963773,36.9981658281,52.3479014222],
[24.5201974912,49.7426700234,15.9852194631],
[10.1861839845,23.6690131193,29.9016050052],
[43.624146177,47.4521181328,67.2437761779],
[21.7067059067,27.2002767402,32.451134847],
[27.7123019378,41.4103632019,58.7790832321],
[29.8769914718,45.9831830791,85.4925137131],
[26.9325710159,54.7804366164,74.7452232324],
[13.7933131139,14.5254526019,24.9635774725],
[15.1449022446,36.8510386879,38.4062563304],
[15.1024392856,106.111382965,17.3663775687],
[27.3417476835,37.800937919,55.0556141617],
[28.5359162053,60.9061440488,43.7191993021],
[15.9671996934,25.9379609263,7.51676493673],
[51.4785818939,61.5021417497,77.6379693166],
[27.9659941188,47.1537501494,56.5052645939],
[28.8185706985,31.0860099031,75.0686046376],
[18.4034003319,47.0204843208,29.5700164118],
[43.8930076105,46.0247999905,134.136961307],
[18.8201234408,63.8657118892,53.1765225962],
[37.8418866231,64.0320626749,50.2500746128],
[37.0593889483,38.8327807107,64.8464729152],
[31.9828637628,55.8359048067,37.324134644],
[24.9996832546,56.3221501047,72.3400746419],
[30.7833381573,73.2447319859,93.308301215],
[43.4293466604,51.0563993628,84.2338079614],
[17.0530751602,43.7028121096,22.3622748891],
[14.2670429708,43.0108426592,29.0861184211],
[8.28287579733,21.3659803194,27.5896498838],
[42.8681503135,56.7556780463,55.128617559],
[19.5062186852,27.6890020083,56.519334047],
[17.3175843725,48.9804305076,61.5117564496],
[15.9292180512,31.1745199873,53.5257430096],
[25.4686238255,60.6243047307,87.007690717],
[32.9777982104,159.827190785,42.5214838277],
[24.8865787476,26.7529453721,28.6089903314],
[26.6039345214,28.1441390783,28.2543563695],
[14.5687229886,72.8960965399,22.0135767171],
[34.8541819852,50.1356306523,80.2851478431],
[36.7583043651,39.0634282156,63.203585561],
[58.4721303554,78.478962414,65.7379438606],
[27.4357164167,60.7987278866,44.3464122296],
[10.1161652541,43.6284773766,35.611999214],
[33.4072279756,87.8753013424,51.0567626143],
[15.8815452623,30.5717447001,21.6925319818],
[56.7232288429,70.5590025445,61.5866463093],
[59.3923953029,64.0368990504,89.503982327],
[33.8535560493,41.059548589,84.8658325006],
[32.7408860907,79.1200124037,47.6224048259],
[11.2151942706,36.1484971885,49.7613707478],
[33.9367404225,36.0320159209,102.61399092],
[41.7083913054,54.7245015108,52.4339225582],
[24.0164898325,106.292541662,16.8043659192],
[10.682259783,39.3286190418,22.3893343283],
[30.6374444411,43.6616276008,58.4346900441],
[24.4341956288,49.976066929,77.4063650888],
[24.9818671321,49.3714729085,50.4309853647],
[31.8631329689,76.2657408816,5.96355034627],
[45.5544935902,55.927696042,111.39063517],
[35.7951114194,40.8822171492,53.1180541395],
[27.06591377,46.6503165943,109.134028689],
[23.1873014842,35.7290010365,37.8611777704],
[23.0182808321,54.2254094959,91.0670213204],
[34.3869527693,45.8950535926,92.8070998096],
[22.836546076,41.8299576396,37.2771156608],
[14.632063142,34.7879916243,45.5088804677],
[43.5399168624,101.190882539,67.8171810308],
[56.7428145592,83.8188330456,123.137324236],
[21.9155890246,40.8313222568,38.0020382371],
[44.3147550327,45.0423901879,21.0027344307],
[19.4483313466,19.9603238714,34.0250358959],
[38.6413561952,58.0983831797,89.8678517863],
[44.5917117378,45.3475619217,79.3779076796],
[17.1448989872,77.1550658054,42.1389390179],
[31.1281054284,44.388212246,55.7334404199],
[28.8648629264,52.9547267076,70.8086492836],
[12.479723118,15.4804362129,38.4101119438],
[28.8818636856,65.6413444866,49.8942077329],
[30.6612715308,57.4554129283,43.0258046319],
[16.0700540537,24.7097657418,34.1337795811],
[35.7555482873,54.9223006688,40.7121843495],
[25.7939342923,60.816456713,44.6336536366],
[16.9443932718,39.4948512266,29.2865228214],
[28.486304051,42.5669099742,49.2686983044],
[8.55850532669,22.066487688,11.4055407933],
[40.5936149892,58.7125751713,25.8659287745],
[15.7346487799,28.2422692059,41.4340497639],
[10.6912286196,29.4075831638,15.3632817131],
[22.9021115357,90.8196196055,21.321773645],
[47.7231115337,72.1694234596,117.037011107],
[13.2143805777,22.1272747638,6.92488058564],
[38.5081742454,54.7486277643,78.3990109394],
[40.5079947999,44.4545338744,111.422166744],
[27.976873349,101.168490968,59.838060718],
[26.7802627689,42.0566786137,41.5451617811],
[28.4105916303,78.0646024534,68.8156243846],
[19.2747709967,27.3424178434,21.0298121599],
[45.4512099013,59.859222974,35.0444010533],
[39.9276364302,85.3286959069,91.4958809993],
[41.7380753067,47.7294360097,48.6633623327],
[16.8588963761,27.91260163,79.2544875931],
[18.718920369,33.4953848343,49.7318373309],
[14.1450980977,37.7856329903,23.1270233041],
[29.1379897022,131.979226114,42.5122894426],
[57.7747079034,63.7895398222,55.7600757701],
[24.8232653085,73.7415398453,53.0465651681],
[12.5438315716,108.047243321,48.6725733829],
[19.8241996106,44.8864906302,29.6090083557],
[14.7738824654,50.7185440598,23.6784941841],
[19.3247986973,66.4504023358,16.3594329125],
[24.3488484163,32.766206831,35.3702426581],
[23.4473073676,53.7762689835,75.004010918],
[15.9643425465,22.9959552701,26.2878718392],
[20.8042412073,22.0624753885,26.5913783581],
[27.9464752478,73.2039582607,86.811888967],
[6.37663011588,28.6812430449,19.6987652349],
[19.9414684349,31.5316736887,36.0430407781],
[24.1600100137,40.8543429735,17.5651330026],
[43.958526612,67.1985206449,123.113295539],
[21.2359537889,88.5092121662,13.2046151604],
[18.2848246696,24.1090587115,27.2640058241],
[51.2020355061,62.1904612692,118.893616309],
[15.4448494239,49.2572460307,25.7246552437],
[11.7232036898,50.9305900148,32.9049640884],
[23.2563789733,29.4960574247,52.1923835011],
[27.2593836208,30.9239650551,44.9607423069],
[16.0968747924,64.5687850479,34.7845620212],
[23.0833570571,44.0962590491,53.8504776464],
[45.8295232595,49.9762232531,65.6877482876],
[46.236082071,89.6672625336,63.8143344358],
[50.712501235,71.4752666217,93.6416327804],
[22.7516378168,23.453084395,25.1352545929],
[21.0158938223,30.336475983,49.3404912873],
[47.9956142492,55.146735653,54.2236147503],
[37.5818544701,74.1392936641,101.856605219],
[29.9412172419,50.0413218282,55.288872703],
[11.3079711605,35.9765882215,43.5076412372],
[23.7017282905,52.7508716014,15.6421024611],
[39.623979909,43.263395947,35.9173651737],
[15.2330427418,43.3836414279,41.5105392961],
[20.8933707978,82.9631441632,69.6355291645],
[26.1381063887,49.9174308729,33.3270609975],
[15.8284982923,27.7009999324,32.8682801374],
[36.035612718,38.465751595,54.1446059382],
[41.7049692793,77.7546574854,114.241442516],
[29.1274295133,34.5170270354,13.9961456736],
[25.6151636502,27.9312688688,27.7217130496],
[14.3226520183,75.0442814477,34.2597594295],
[25.2472154362,25.9312029878,33.6714910915],
[20.5404813169,41.2076864445,41.2274400951],
[19.021072141,32.7145779924,28.6794508173],
[36.8052987106,44.1579885264,36.7396100208],
[18.0124062676,18.6495234641,41.8437552261],
[10.1316639647,20.7390444161,19.5103171134],
[30.7256951166,58.0612238854,88.046217436],
[40.8471768351,84.2619079617,57.2879380493],
[10.8968019602,26.9040706584,8.35665784772],
[13.8196181511,74.6532103039,10.5714193699],
[17.889259681,35.8871356149,31.3007671495],
[22.0041948423,45.5892267303,83.2755420841],
[49.2689067746,98.2998393731,56.9775970357],
[47.9422877828,79.2421620464,61.777093054],
[38.8528338628,60.4132048759,83.229184688],
[24.0086400811,82.1191582906,31.360041692],
[13.4791023623,35.7171023178,57.4571744409],
[11.7790509499,34.2177851472,35.9221298645],
[39.7469766788,46.757560197,107.809995862],
[25.9441390683,39.1440670234,48.5172005202],
[18.1690333646,83.1922668443,46.5462391942],
[15.0065254116,20.7431576902,9.63740413606],
[19.1597872458,61.5420944284,37.3580629857],
[24.1459722266,59.1672445169,10.5236358684],
[29.1616235129,40.9529125989,40.4270141328],
[21.2730524044,30.3457918178,59.1834044333],
[35.0612503757,39.7101326126,28.8025763977],
[13.2623436399,42.7756056001,36.8517753761],
[79.1997587092,102.857080073,112.589796131],
[14.8099978374,32.510133699,28.7376304791],
[9.42487323851,22.1006869402,13.4079053644],
[13.2202544091,20.9424074785,43.8438380739],
[16.2156698133,20.5758919437,17.5367406936],
[16.3926521549,45.2741371801,49.9958782599],
[95.4144401828,107.109915632,149.514803223],
[36.8989331367,47.275392979,40.8961975119],
[31.8944164592,80.9111927463,54.9128803855],
[46.769549973,65.1817986089,77.9742556189],
[42.4359626646,67.6860163646,144.862951353],
[14.9136975538,17.3167948315,58.0041727578],
[20.9949689254,25.6524179095,49.3333551842],
[39.6891252418,86.2448253897,34.3057562338],
[22.056157353,53.2438866218,32.5530389278],
[27.0643886914,72.3427257685,51.9850079783],
[16.8106186263,32.1968835844,37.8810393582],
[15.3862522997,27.7331773553,38.6797031077],
[22.1865295908,33.541371142,34.0855342095],
[23.2113630393,87.3303283909,45.969088643],
[14.349827693,28.0411062425,28.1807013796],
[33.0853950781,46.2104652435,28.9946323348],
[21.1842350705,36.0632104766,10.1732049176],
[32.5082120891,46.2211232535,36.7582988676],
[36.1796784401,42.5009291893,45.1729326869],
[17.4777063701,29.6221624402,28.292538057],
[32.44613669,44.8292912696,28.5310675351],
[38.5325699603,59.423165921,151.158133557],
[51.3054063003,55.7231938016,56.0520471684],
[43.7116043673,72.5004849326,124.838120899],
[12.4881873451,36.0293332423,28.1264933467],
[22.3059726188,67.4515966264,98.4184824628],
[36.4567092486,38.1978475416,56.8407896936],
[35.1219889726,74.1838732842,65.7019465082],
[40.6697930028,48.4895004503,89.5900989819],
[37.3876348461,54.4085770208,19.213264069],
[26.2977029291,35.1576663992,45.9693342637],
[35.4201438031,70.2240400605,64.4868183587],
[18.032917575,18.5782084966,30.0230379552],
[20.9077117357,45.2578837301,46.600803506],
[8.99027810021,54.2889275858,21.3594946938],
[39.5884751429,67.936370216,13.9516565875],
[25.1741528755,36.189700713,90.4683470433],
[9.05582798774,37.4787873725,22.9860860215],
[25.4827012286,29.6953871256,24.3735455645],
[37.2173436616,60.3269093892,86.8095346028],
[26.863109373,96.0638903851,57.6474554759],
[46.6620718663,46.9983447981,53.1745678102],
[50.297817112,115.251486381,88.332815844],
[9.60648607174,57.6519441871,19.5678554619],
[41.3470528265,46.2951897862,83.0977313099],
[20.4891214687,49.828016578,62.2998065847],
[10.9395872075,32.103789449,30.4529294873],
[25.6828230644,39.0111566828,70.5838780604],
[27.8169537416,45.3246749352,123.849083065],
[48.3961395194,72.6050255814,83.0343680469],
[31.7548811048,46.4931605501,76.0132083731],
[16.065265444,53.1287695211,32.4954441957],
[14.5180347257,15.2733023321,35.6250850822],
[52.8656901786,69.4853024694,26.6308308738],
[21.0278089201,28.0283124775,22.5277955091],
[28.709845999,53.1336333975,60.0764098366],
[23.0185748914,37.3761603861,40.4658529076],
[41.094095058,48.0434102124,29.7645114195],
[21.9716871957,33.5714263752,9.88585247613],
[17.2657224796,34.2934567624,32.7477985602],
[18.1669315822,20.9784936547,19.5605554974],
[31.014076508,45.0683457498,49.5760124739],
[18.4727910775,49.5601421249,28.0691466727],
[10.9542026481,28.6650336964,16.7600314825],
[37.6289309419,46.8020471126,46.6323055197],
[14.5323473466,31.7195539189,25.3407707531],
[9.61135046336,27.3022228665,39.7058470067],
[36.3420690319,72.8289966369,59.291022804],
[30.1091629976,39.3523765127,38.3031297012],
[37.6496414546,39.1567410345,76.549286334],
[13.5981432127,28.1546559297,42.7552547948],
[23.9885535377,57.6533320645,22.2014921348],
[18.1379876405,47.3633367658,57.2145840034],
[21.5669934422,30.3802692977,28.2054785401],
[20.8828771807,45.1469975818,47.5331228332],
[8.27406904778,20.2148197871,33.3579644276],
[46.7605056749,74.4081630084,122.098358161],
[30.5252713042,71.5447826911,47.2233724774],
[17.3586970233,34.880498006,44.688598201],
[5.69525507201,22.8739785417,8.21369679075],
[34.1775724824,37.2725141985,41.5831921095],
[20.450634006,43.980071554,52.3445072573],
[9.11561041262,24.9864580793,31.0335829143],
[17.6190191709,99.548918698,67.3211776166],
[49.3343131755,59.2105480994,63.3559650589],
[16.4614724078,68.5786488337,49.6219278976],
[55.5467653972,132.712328437,102.085327151],
[34.6014048236,69.0429274168,122.55314024],
[14.5274368214,38.8546227779,29.2899044257],
[25.1799161918,28.1889015978,18.6126853811],
[22.9604578338,51.4956580099,64.3084330786],
[16.7044737489,83.9802730161,35.5055518249],
[50.8645769577,56.2851834929,58.8866069557],
[22.8532905549,54.6019065705,29.5236400385],
[49.3596283099,50.687008157,46.4454600061],
[52.042740369,66.5051443688,66.9445183427],
[23.5651534647,40.8314874606,67.337380831],
[26.5566446085,55.2260076021,34.528702042],
[27.3908076866,54.5920551505,106.885209466],
[15.4799287077,56.7386055211,48.1746548421],
[29.1797953063,45.6881012475,46.3453341622],
[16.5006184177,26.547509719,19.3592341999],
[22.5553724596,65.2423294813,2.87039675555],
[24.9568552986,46.7213844428,16.8412486838],
[22.9296678098,24.144330922,54.2350911936],
[23.6092097047,53.3080344271,97.8073230107],
[23.3851494425,36.8559396755,27.8125316076],
[19.8767421525,95.2103672529,16.5243428584],
[33.9084723953,35.7478608006,57.1614689735],
[42.7058394494,77.1127669894,57.7260236048],
[60.5119220792,93.7027875953,60.6608520692],
[55.0458982054,117.837592072,55.8959355799],
[36.481241907,65.6228972514,63.5045229296],
[15.4986021641,23.6153223029,28.9691614424],
[21.7207834074,38.2577363818,60.3284061967],
[10.9586529515,39.9390857209,32.0395496256],
[33.7591454114,40.1132978338,99.0993378634],
[34.7697143225,40.5504729678,75.3386221618],
[17.6842790107,37.2905321233,33.6680390082],
[22.9614338707,26.8378620576,26.2516123801],
[17.1143857076,38.7748085766,8.88296456786],
[24.1773550782,29.3365540563,63.2092760417],
[37.635724981,46.5101044445,51.6644353735],
[17.578227034,62.7191677946,51.4955442106],
[56.5834575052,72.8558458172,87.1193327435],
[68.254975478,83.2272063984,160.073515781],
[29.4124406152,57.0955841258,38.0585215967],
[49.626235954,89.1531584847,116.438555004],
[20.8194265775,32.3923917926,51.0958813176],
[26.2458897651,70.7443172363,63.3268514169],
[13.4970525036,21.7923434097,14.3431956384],
[52.790722373,70.3272195921,53.5386000954],
[44.3184019129,121.255579465,104.626351227],
[16.5405889808,23.6996995275,23.3920280535],
[35.8691247388,43.3749730076,37.2090964138],
[29.5947641465,38.2680142956,91.6928488753],
[23.6362262504,50.9218889968,36.0387650105],
[39.7357527477,55.4250226188,44.7118198687],
[20.9292933056,64.3979045007,100.981489556],
[56.1454904473,75.653551629,81.5758752773],
[19.1109475292,35.7856055355,48.0098028981],
[31.5808360912,32.6344787507,14.4263477212],
[14.0204388292,26.031062981,18.2798250681],
[76.100965856,94.9811873374,102.820834936],
[14.2157288472,47.7874048207,19.5303673024],
[39.3533793365,85.7204590075,82.4461405835],
[15.079740314,58.2879322738,57.2517547381],
[30.0276098635,32.1871807089,22.403674814],
[47.653226228,48.0288926545,92.9391166212],
[12.4865729275,32.5292117145,28.2709252105],
[35.1940345979,54.3954837234,61.5655023007],
[62.1325166744,65.3640091134,56.1434392547],
[47.599946853,52.7915806541,56.9974334178],
[18.7903147195,84.3449173615,36.9982780951],
[25.5133306535,65.5157037408,31.3759724132],
[27.9442178494,42.8209410451,37.6800359748],
[13.3473002991,42.8378603108,49.0377390294],
[36.8025623261,38.2674030597,59.0940333394],
[55.1740849399,90.5128093415,47.5386994515],
[41.4462753,75.3298188301,29.0310757535],
[15.8815452623,30.5717447001,21.6925319818],
[13.7884416101,35.6967788418,46.3199308485],
[61.6700669917,97.7464983627,115.437213591],
[44.5388014089,59.1979638794,78.5207538989],
[16.4846032344,48.5538255204,23.8390021213],
[19.9054124195,52.5412931148,77.6895665932],
[31.8402844693,51.5711200474,79.7283623326],
[37.0383149812,55.6996237155,76.828204299],
[25.9342693211,34.2373515479,41.0888912551],
[18.685405192,32.1439351465,78.773408509],
[32.4134626495,34.4959359675,58.6930173735],
[21.7422887295,31.7065163374,31.7145731537],
[36.3685330984,79.1388139897,85.568928539],
[32.2014625587,46.2053043768,42.2266953401],
[36.8886895415,46.1330252977,44.4547848655],
[20.3536454395,32.9255704962,11.5333315385],
[30.6872341431,47.1435626782,43.4882774342],
[65.1124062597,68.1954845589,60.5413183985],
[18.1889991614,49.4605832197,80.3431828704],
[81.6882913737,118.39348549,101.03329928],
[34.2435373162,83.6628821643,87.4416697921],
[17.6146456079,38.1378900096,14.7579829518],
[26.9480923317,37.8632680487,61.4257238378],
[21.0398332149,32.2626470485,76.6941651059],
[71.5208912834,72.7781191393,69.9440212233],
[24.987540773,35.7534436385,18.4246198844],
[10.894346667,27.2317498557,27.6667764407],
[50.523224939,118.642155058,62.3662657186],
[37.1322769011,48.3433756774,77.9504711939],
[39.9826721889,51.8375766086,42.6041529751],
[50.3806310834,71.6568651988,39.2493705705],
[34.6186004037,55.5016493075,78.6476829805],
[30.9505067764,70.883774194,54.429018157],
[9.28808361058,17.6851980228,26.5417351629],
[25.0608580835,40.5566575552,42.5069087714],
[25.1532561355,37.0668806828,54.256903847],
[22.3391200572,26.4898241939,44.3681708914],
[29.0292480074,63.7773171861,39.5438498066],
[21.481661008,65.8345244427,58.1833535276],
[36.6725494169,70.2102185607,110.001240347],
[19.2753351814,129.880688851,29.1293055329],
[22.3175217576,25.1257527845,42.5523097787],
[18.4990631052,38.0623872416,25.6313796176],
[15.48176277,70.7496463239,13.858767782],
[18.5837359379,21.9511763627,36.0796164212],
[58.3818865356,129.59555785,69.7803932464],
[23.9290101268,29.1401524673,26.0833071274],
[45.3894935276,50.4443363081,110.388912841],
[30.0122500992,34.8370919453,64.2256326331],
[21.5563378446,24.2048730934,48.4154011755],
[26.4622813147,33.7671990016,90.1450813397],
[21.9917210527,78.709082563,28.3697317324],
[11.6561948358,15.8279213191,16.3580904916],
[35.4578104754,41.1748361152,26.6962467244],
[27.1876730108,29.4114181384,45.5645905449],
[48.0751957411,79.7237201605,70.0760730465],
[38.1986786456,89.4085067377,142.044302437],
[13.0320949012,29.8070308759,20.9564265423],
[19.2895174352,35.251854575,24.6363352401],
[14.0015912122,34.9980596654,41.9616071591],
[18.3487883378,29.0243858151,70.8974504119],
[51.9243540256,78.1492554134,39.3309983455],
[32.8297222428,41.630751153,40.8383149566],
[9.89900236996,26.2843414666,21.5110901002],
[27.7722564014,85.1437388851,82.147306034],
[21.6061256392,43.6053963687,40.0929358093],
[42.7959182304,71.3587210813,113.511058246],
[30.8100578139,96.4627290099,75.0686157156],
[33.612432381,58.2846062989,17.7784744524],
[17.1019960652,23.6195448348,15.6649783108],
[32.0471433611,38.076048059,54.4872802987],
[20.5389366909,25.9882436218,51.8588542186],
[33.6865489606,48.8151584542,58.1838544153],
[16.3969640886,32.0757272499,17.8636692879],
[8.90011183632,17.3154706017,24.1261952684],
[21.0158938223,30.336475983,49.3404912873],
[15.9518674807,46.9540598612,32.0049630605],
[11.3795936277,14.864114384,29.5743815789],
[35.6835807425,41.01884958,110.218887933],
[29.7727695894,53.9829375891,84.5139032081],
[30.2853099538,47.6790576866,65.7456580738],
[41.3376082298,53.775000608,39.1109598073],
[7.32847523892,24.1269711897,13.4204709772],
[17.2982951252,76.3260825536,31.5910036902],
[22.7563236594,38.7942417145,32.5198999284],
[35.5306502726,50.3817975548,81.4845978257],
[62.916877487,88.7138056477,108.842070012],
[33.6603806693,35.0202247262,75.6163221336],
[19.096380203,72.5573972797,57.1498781792],
[35.1148418967,69.5118872766,37.3320515849],
[23.8007398501,24.0838898043,72.5339892933],
[20.8548301665,46.719111462,38.1265061644],
[9.20282569779,19.1518881169,30.9886628557],
[22.1172303108,36.8329337961,51.0003083596],
[17.2507684363,17.3829370371,51.4937098147],
[14.591781027,60.2072379109,35.6354757399],
[19.5607426722,50.7755528481,37.4752339267],
[24.5163114639,25.1945959445,25.3095588011],
[20.4003200509,65.9066879017,43.097894396],
[19.0195098822,62.3012176,23.0959421679],
[20.1298964663,22.8316182492,38.6211856566],
[16.8306843601,77.7663325817,21.4396863491],
[29.9719407171,35.2278232123,25.5246465871],
[10.3504576266,37.8952928328,14.1155436908],
[19.6522282744,24.9234558088,33.7700061106],
[11.6697655538,38.569427611,37.7305888491],
[19.1732792454,51.5249351715,35.0187945042],
[37.277866699,48.8498565425,94.2406584122],
[37.4761371492,60.1722191989,59.1950675304],
[40.7346674163,59.8484186039,87.8711595361],
[27.5274534717,39.6516622641,96.0729319626],
[15.8578410702,43.1816846562,64.0013917246],
[23.2698767308,37.759997497,15.1389702672],
[23.2040958089,56.5577881867,83.0663138126],
[33.1389879893,34.4567298285,41.7888026477],
[22.6463521515,35.7657299308,58.0255648245],
[52.9032647021,69.0676304147,116.185933833],
[45.5942349695,65.8308170774,34.4102855481],
[19.4789860222,35.6632545675,43.3896580549],
[14.3788825287,92.1787307258,31.3412039609],
[52.9688161007,77.5991549567,77.3309748542],
[17.6653214462,63.4815851168,56.0077996877],
[26.31671767,64.6471249201,49.0271805891],
[22.3476606006,23.8861257564,14.871188012],
[32.2549223211,79.1445976511,122.080915082],
[39.1030942711,55.9683453177,69.2440710797],
[27.3746747637,61.6524817509,42.9926067297],
[16.7838202774,52.0195678024,15.6315561925],
[17.4922439669,30.7675197414,47.7987383552],
[73.4582369247,145.860299985,53.3400271053],
[31.6222468404,38.2297393237,95.1024716986],
[25.1336474809,29.6816750913,23.1447922384],
[45.5581623506,64.0778446463,62.800604452],
[37.5654123457,39.4985524498,61.143451565],
[19.7344218366,23.2390864858,43.9777588094],
[36.6264329189,39.1639222665,28.4866531459],
[24.7463319509,29.5523675764,30.5044592592],
[43.0860102974,48.790953127,50.1153123955],
[31.8502117414,43.1918088824,72.9924990589],
[34.4724640382,45.2869548753,82.6940481695],
[20.2790150938,42.3335394587,28.5834675334],
[38.5491534094,40.1121235524,40.0669421653],
[13.2729773275,39.8146184607,52.0050705398],
[24.1025395246,53.856369244,38.2765965421],
[21.2934788163,38.3366703099,53.2012096766],
[30.5046338715,44.0564105064,93.071891961],
[26.8067041776,43.8236745439,87.6889176606],
[26.5760902729,47.9268664686,21.319036538],
[9.60747758753,35.9708393021,43.077290193],
[40.2411823585,72.2978948293,32.9759450466],
[32.0202082034,86.4929165369,33.8918827341],
[25.2800552784,65.7379310195,28.4092702882],
[31.601345621,35.6498803582,80.803833879],
[23.8865813866,64.8001604847,102.165221138],
[10.5342161166,18.695394695,8.52614144054],
[23.3009915287,44.5553604981,27.6140304547],
[9.30519761419,20.3004932983,34.9015397459],
[11.4336673404,22.1704056788,18.403223083],
[19.8990859401,165.20474116,24.3895506382],
[28.3194022514,31.4636865527,73.8305266332],
[41.6971859194,50.6498239592,36.5465187803],
[54.9158281601,56.4181241675,131.894136841],
[19.0369460218,20.4158310303,64.8919245206],
[13.0629804034,92.3670692984,33.1185806835],
[16.9575906034,23.6022281874,31.6655847698],
[34.7599796541,49.5356890339,83.3777603518],
[54.9551834523,63.3374422757,124.659636518],
[39.3780927436,80.0598701418,91.2528783383],
[46.4352555834,62.3005232287,55.1598537856],
[26.0784519971,35.0457353305,33.1911829737],
[21.9262126447,36.8928953754,35.432629422],
[37.7409033874,38.9677640593,31.3690953347],
[24.9187652629,28.3967849641,20.7821660656],
[16.6332088711,40.9285763263,40.4810617966],
[30.4129730564,30.5445026572,40.1413791332],
[43.1133751902,68.9667017785,82.224412605],
[16.9223713707,33.1067066413,56.7060727692],
[26.2771011658,95.102008509,59.0714885833],
[29.5045502128,110.504300343,53.9551201785],
[60.5110011989,65.0019037476,146.015985297],
[47.576755455,76.4704275255,87.4148989871],
[19.8322887387,25.5543765064,8.1471227909],
[24.2899741333,36.5656500652,25.6290744437],
[48.0444581558,69.0679395096,77.5667101129],
[30.5758071288,31.394210876,65.1761157537],
[29.8811361722,38.8369826567,82.4026701087],
[26.3516224284,27.6262775632,51.8184726647],
[23.9282806762,24.4308282117,44.3737904032],
[34.8208790839,114.4651584,19.7053532312],
[19.6374278592,21.566402788,39.9503542035],
[29.4908889124,32.6635771465,55.1798406815],
[33.081232176,41.6943219326,56.1065283674],
[22.446568848,31.0740357096,47.43354754],
[29.395317874,42.5839233416,46.4156995273],
[64.9857785444,73.8557953619,110.725316615],
[20.0080624698,71.4447958507,67.3092315571],
[21.5583178107,58.5801950802,29.8394741727],
[18.4755994949,41.6891228722,26.112904239],
[27.3184306826,48.5920957647,36.5714068408],
[36.0941400142,61.8380651393,36.4205496146],
[26.7828660298,52.5841792588,47.3880910729],
[31.0944465004,34.5954023214,106.430524865],
[12.3259834833,70.7486416762,49.9088198378],
[9.52452707665,64.844239508,39.9467566669],
[25.0593673764,54.550066783,45.4196793624],
[12.2795304288,31.9788309699,45.0307948815],
[38.919957498,44.6462481464,107.370388083],
[13.4083543988,37.5866487887,24.8428352422],
[32.094868776,67.2800237973,30.5203952792],
[22.7001061476,84.3635278408,42.6527695472],
[22.9699854579,78.6054503126,46.9356569047],
[21.54594831,21.8407267723,45.0078488226],
[36.3408497907,38.4968854547,55.483676507],
[26.3281577411,46.6193184903,72.6193216151],
[19.3309263735,40.3733179848,73.3461171513],
[11.323143693,30.1758077164,41.0640845336],
[16.4964567025,75.5183133072,26.1441020359],
[36.6494684246,45.424807767,50.2174118913],
[12.1518745371,25.7135854505,25.6788486758],
[21.0335335971,43.3495020962,47.7069199004],
[33.0803526356,38.1127200427,103.50432507],
[24.9978500624,31.348336867,53.6826153851],
[30.6629944404,80.5506921704,115.669919883],
[28.3622316802,80.1233280711,69.2683744554],
[11.5536406701,32.0731289007,42.9109571974],
[52.2533431017,67.094664516,38.0773672368],
[20.5359721422,42.7218141478,21.7257531137],
[30.490645109,32.344623568,70.6299419621],
[38.3408143029,43.5010344118,55.002768941],
[46.0813581114,70.2132070926,133.336261128],
[18.2443453075,41.3524953569,17.5000850525],
[26.6525853507,28.9095173841,43.5550757352],
[25.9567899143,26.1584060936,50.3015381175],
[13.2696672688,57.9562794473,23.5022595071],
[65.72205899,70.0214621447,92.3312498969],
[24.0100972192,29.4359506865,46.8485409533],
[17.3652017698,64.6460250608,55.2231587071],
[18.493101129,22.4930304962,76.1907726825],
[40.2810774776,55.1054095806,66.9668661628],
[19.1896091628,68.0076881981,22.0413024697],
[23.3394511504,36.7720150801,63.0229330767],
[26.9053575588,33.9646582745,49.6693038988],
[39.139008941,97.556949287,49.2175103681],
[28.5942507886,39.9596652573,86.8490829946],
[21.5471808115,43.0054371908,54.0183946056],
[15.1045810632,22.9843704037,33.3154581547],
[14.7938617253,63.0629818002,26.3869822508],
[20.035718535,39.4433579913,68.8211979047],
[40.9470558683,57.1240537541,48.0759794926],
[20.7787103554,24.1867966756,16.9182403698],
[17.9275989664,58.8778101748,88.5933473051],
[68.9862811896,85.564558262,80.6553679494],
[59.0158798236,60.7040336025,87.6933441759],
[27.0679148141,39.6620353508,23.4467679546],
[19.8340827583,56.1611019697,15.1760921223],
[48.852028941,66.3164741787,20.4012050882],
[12.4410219088,46.6152351585,19.6907428082],
[14.6679230532,33.1618990168,50.9261274866],
[43.1761805158,51.6241127289,52.7446564906],
[29.6896492498,50.5650784154,65.7284899328],
[68.4175681698,68.6192529975,99.5970534705],
[17.8183950807,37.9892817645,45.5704203998],
[19.0474871806,41.4335496233,33.9466613412],
[39.1676217393,50.3932840142,70.5315306424],
[31.4998386963,91.1125860301,59.1250344041],
[21.5894112031,61.2319951974,27.5791323448],
[44.6252520807,53.8795857904,50.6425522559],
[14.4419445332,42.1317672604,31.29545879],
[31.5623190458,32.4510255047,63.9640119871],
[43.4872251778,45.0040632287,94.5077594073],
[25.4706322673,37.9035084121,90.8751591037],
[26.1092589285,77.5688233089,55.8720389321],
[31.145555673,34.034328533,50.2574188127],
[36.9878062746,53.3630401501,121.634735582],
[20.8116214704,22.5787509187,33.0953492348],
[16.5915437987,35.2982536623,49.9782328504],
[24.1891973847,26.5396228437,29.2239720519],
[38.6326792332,38.6662478211,65.9569846249],
[13.4547457539,52.4341184182,33.5294157046],
[17.8102667089,39.7763128171,33.8214736857],
[56.2887487456,58.8133595228,48.8226841077],
[32.6934289475,66.7287630035,60.456770957],
[22.0771183972,32.5331994632,19.7098549258],
[19.8087664925,28.0759302582,50.3205109372],
[21.6246019018,30.5897421611,48.2163356996],
[15.2274060746,41.5513217469,38.0957116711],
[10.0139090199,71.0967594968,16.1860422921],
[22.4178565824,70.31116422,43.180036598],
[13.1612798977,56.1664004568,21.2855079453],
[24.6932770212,45.3268324833,21.3932093627],
[24.115376467,40.2463177103,43.0106332098],
[9.97238612713,33.8872480307,7.21222521375],
[24.1726645887,41.3822676977,57.4534111596],
[25.8038766622,32.0185526569,18.9467696962],
[77.6437977836,91.6627344486,105.920541704],
[43.2975025276,101.035198421,31.0666220065],
[40.3024052478,43.5542559885,93.4312764728],
[19.2211299126,27.4645421667,17.7275234118],
[20.9960517169,66.5131252154,50.1173066105],