[38.56041635 43.08742353] ,
[50.59292013 15.59959086] ,
[51.84372834 14.23346219] ,
[60.97922039 11.24684733] ,
[44.05308943 17.57691776] ,
[15.83883413 30.7971029 ] ,
[20.77665042  7.05315631] ,
[22.87582499  7.60612956] ,
[19.52756717 16.05282772] ,
[56.00455785 15.18574905] ,
[18.60134624 20.95434304] ,
[31.49577651 33.47392968] ,
[37.22655896 11.61608197] ,
[11.57370497 35.90267906] ,
[25.82395132 16.11626512] ,
[55.67110812 23.50870996] ,
[88.50068211 31.92949565] ,
[39.42198845 19.17677024] ,
[19.12335626 29.49087278] ,
[35.57873015 14.56163396] ,
[12.09597877 22.04737116] ,
[ 7.14903595 14.0607524 ] ,
[14.06043536  7.23192829] ,
[25.62717592 21.54147378] ,
[15.76050557 17.7729275 ] ,
[30.39113815 17.70614233] ,
[11.27705234 14.83248443] ,
[34.5830647  11.32731889] ,
[46.05790323 14.6966129 ] ,
[63.81038827 15.4305568 ] ,
[65.79042178 13.30811887] ,
[ 7.20656939 27.33914807] ,
[ 7.69171152 18.05670314] ,
[24.53655383 32.73908043] ,
[34.77768809 58.80127046] ,
[13.59962216 48.66788355] ,
[17.94934338 24.0778838 ] ,
[25.23749115 49.78336264] ,
[22.41084209 24.02283642] ,
[22.83107905 12.87633888] ,
[23.64744577 16.5720929 ] ,
[19.6266392  20.18799191] ,
[32.0175436  24.28518996] ,
[38.83587443 39.18756142] ,
[ 6.29871227 19.10159578] ,
[ 8.79500758 20.55888564] ,
[14.84024948 21.5077345 ] ,
[15.68501747  4.83827016] ,
[16.46404507 15.54353073] ,
[ 9.68418584 41.69042722] ,
[27.35332614 21.92400885] ,
[18.9394411  18.84762829] ,
[38.1890353  37.35444982] ,
[26.9892719 11.7207898] ,
[19.01703648 16.44718271] ,
[33.71179326 44.25708908] ,
[70.55595214 33.93964959] ,
[31.48106132 29.67181027] ,
[16.96714453 15.41039679] ,
[18.10517616 40.89680875] ,
[17.22259589  7.00850149] ,
[32.65536132 35.27496267] ,
[10.18287816 46.91592103] ,
[23.60840037 74.62967582] ,
[41.29528554 31.39957214] ,
[40.23494441 24.3822906 ] ,
[12.75663012  7.8104014 ] ,
[14.26929883 24.28036999] ,
[27.4735948  16.92905567] ,
[45.11749232 42.25170848] ,
[ 9.81258292 34.74809379] ,
[15.76889523 15.96912752] ,
[ 9.49517156 12.9505051 ] ,
[16.08762248 27.51517558] ,
[23.582756   17.96328946] ,
[16.96494102 15.21793982] ,
[17.2014431  25.21920178] ,
[14.77566027 26.25568667] ,
[23.15176322 10.32719187] ,
[14.33308978 37.44646867] ,
[22.36721493 24.23325469] ,
[10.07807796 23.56755442] ,
[42.23353779 13.00156735] ,
[36.77423161 23.91192101] ,
[25.79180128 12.48762457] ,
[28.10394329 22.12314345] ,
[19.49950632 18.38956894] ,
[35.49166165 19.82498276] ,
[60.32319261 25.80369707] ,
[47.1376197   8.85506073] ,
[39.94243922 14.13923051] ,
[38.9116706  10.97212107] ,
[29.75810785 23.52759258] ,
[33.5721418  38.20960534] ,
[24.63163616 10.9991164 ] ,
[24.91448749 20.06772287] ,
[16.80594066 24.86437069] ,
[19.34092629 23.15804674] ,
[22.42091492 12.6197588 ] ,
[17.49412958 15.21785753] ,
[12.79528684 24.699776  ] ,
[58.04901803 16.27727658] ,
[67.5581377  21.49743532] ,
[55.94929368 23.80255801] ,
[73.31072151 12.85696151] ,
[53.60684697  7.21335085] ,
[37.50472561 19.67726059] ,
[ 7.73828751 36.54869248] ,
[ 8.442653   53.20815654] ,
[19.88138863 46.59428995] ,
[18.73840572 14.38785622] ,
[18.28912466 11.94952786] ,
[14.38385934 20.62786435] ,
[ 7.51512603 35.00102769] ,
[34.65787181 38.07249227] ,
[28.66206147 43.64471331] ,
[44.34314159 27.98221734] ,
[39.03228684 11.26292961] ,
[ 9.43268751 39.02416006] ,
[25.84898053 19.6676612 ] ,
[27.16725923 23.91691532] ,
[30.42082529 23.75238548] ,
[45.75142613 18.87867955] ,
[15.70904541 18.26573623] ,
[30.15965466 28.1903121 ] ,
[6.72991725 9.3696775 ] ,
[25.03912375 40.6901311 ] ,
[24.71989605 39.02922258] ,
[17.94902359 26.85167733] ,
[20.24273538 27.20947465] ,
[27.66675265 53.27839297] ,
[34.91421186 12.92720113] ,
[18.0287013  7.6595767] ,
[31.64022174 27.20166728] ,
[ 8.28541143 22.00416838] ,
[18.86540324 14.09494183] ,
[10.39198082 34.33295865] ,
[35.73855371  7.36948956] ,
[44.11871612 19.60992397] ,
[51.93560859  7.57895616] ,
[53.93070251 11.47987453] ,
[10.13220403  7.50129549] ,
[14.35207026  7.42904376] ,
[12.79345535 15.62286974] ,
[21.93325519 14.37312414] ,
[32.49012387 31.99605216] ,
[ 7.58276486 63.10969698] ,
[36.37893002 25.21596763] ,
[14.32934445 32.48720032] ,
[15.0138887  15.90250735] ,
[ 9.44892658 24.52810793] ,
[22.8180116  34.83172026] ,
[ 9.49765365 40.65587012] ,
[ 5.5103863 28.0923397] ,
[20.99344172 26.76783567] ,
[48.24440133 13.39778601] ,
[17.51433708 21.58957698] ,
[31.38779021 18.3920727 ] ,
[19.4183155  29.75307592] ,
[16.8246677  52.15683416] ,
[18.33902529 31.83223817] ,
[20.91527284 16.56564281] ,
[72.27328275 15.80806737] ,
[69.24569653 26.75898011] ,
[43.93444377 20.32941195] ,
[33.08248936 16.2167276 ] ,
[19.00386405 55.51496691] ,
[21.3208546  20.12067385] ,
[26.54638327 11.95040028] ,
[46.21668351 13.01782015] ,
[ 6.12025388 21.78196202] ,
[16.797825   18.90116069] ,
[37.07288643 25.0750518 ] ,
[51.2427225  33.81264611] ,
[18.46152349 22.55779671] ,
[13.93212567 36.85391015] ,
[38.18709318 14.15510569] ,
[34.03946792 11.26345218] ,
[18.92086415 27.23710113] ,
[35.20691704 15.92811598] ,
[10.27204382 18.81287065] ,
[42.14363654 24.50900184] ,
[12.73672637 25.86668673] ,
[38.18476494 40.79084497] ,
[45.95490693 39.84955782] ,
[14.54688261 25.91528685] ,
[12.3324429  21.21333473] ,
[32.10920982 21.84261471] ,
[42.39926834 26.57750925] ,
[12.54027565 21.10296194] ,
[37.91697714 17.83334502] ,
[18.07567142 50.49789841] ,
[11.09054492 50.64902816] ,
[28.6018802  50.24441316] ,
[62.0241764  46.92091879] ,
[49.49270254 53.04842871] ,
[18.68315401 65.26871857] ,
[24.823724   37.02015623] ,
[ 9.04684454 25.68199671] ,
[23.42381527 10.0287953 ] ,
[23.56951541 23.42675938] ,
[15.82551095 14.85478696] ,
[15.48018264 17.84854181] ,
[26.59390359 20.7458611 ] ,
[34.30611821 52.04375715] ,
[15.30221533 24.87801782] ,
[29.40348976 55.5376966 ] ,
[37.23095634 39.114465  ] ,
[21.7296254  31.36303564] ,
[54.97299546 11.98827426] ,
[33.6017879  25.34079069] ,
[49.20556892 14.87857636] ,
[53.30516266 15.69058588] ,
[73.488901   25.38667604] ,
[119.33483456  11.35857831] ,
[89.44388454 38.31747617] ,
[69.04449099 29.31974635] ,
[46.30624015 39.21843949] ,
[76.76045976 28.67693883] ,
[55.62460805 43.76529149] ,
[20.26968313 27.27439176] ,
[12.56124979 28.44652352] ,
[40.64230376 10.76679074] ,
[ 6.29245278 30.2701629 ] ,
[ 8.52430204 35.87091436] ,
[12.71751931 57.3521485 ] ,
[16.2299062  67.81490783] ,
[37.0230148 48.0412921] ,
[ 4.91235736 44.34786559] ,
[11.81351318 42.26055976] ,
[15.30194059 10.53843166] ,
[10.11091734 29.59193964] ,
[22.48461974 18.55851756] ,
[14.38705062 42.04397479] ,
[12.21957702 32.63525214] ,
[18.93602632 57.69254679] ,
[21.07469125 64.5538539 ] ,
[ 8.42141009 46.20407776] ,
[ 9.6812547  16.03470692] ,
[29.69921357 12.24079116] ,
[18.03723039 10.83329522] ,
[42.90588826 15.7826079 ] ,
[43.61298207 26.07373669] ,
[61.04599713 14.11211552] ,
[ 9.81112313 11.56416484] ,
[20.06521344 11.80947986] ,
[26.61755436 26.39015919] ,
[23.36430759 19.48158397] ,
[31.9365172  26.77406129] ,
[16.67864025 16.45211022] ,
[12.39429781 25.56008731] ,
[29.48198338 15.42385569] ,
[38.45348176  6.65823081] ,
[57.94155501 27.59444388] ,
[22.14829683 17.4830689 ] ,
[15.04918017 27.88174258] ,
[27.21084753 50.71589397] ,
[14.23085157 13.80821007] ,
[21.45456679 21.62676506] ,
[23.16731288 22.99773518] ,
[18.14935867 21.39395022] ,
[14.7820717  34.00900484] ,
[27.41836663 46.43795873] ,
[27.46948057 15.0942867 ] ,
[10.05274177 39.1334823 ] ,
[10.35943278 28.67678491] ,
[ 7.00700496 27.22598951] ,
[19.49728171 22.26479087] ,
[32.6936673  19.53703088] ,
[20.87127195 21.40096311] ,
[ 7.80171278 16.98933813] ,
[34.84573774 26.42189681] ,
[35.93175483 35.63218876] ,
[35.92807082 11.71736755] ,
[25.41034836 11.12085032] ,
[13.78448644 37.07741663] ,
[11.82192409  9.88149112] ,
[16.95554207 21.17444653] ,
[26.01673742 18.4238489 ] ,
[24.6588445  13.39475208] ,
[15.20132054 41.83183944] ,
[10.33724693 26.40917779] ,
[25.47711593 12.86006036] ,
[11.10324347 28.6239821 ] ,
[11.42804533 33.90350153] ,
[24.8774523  41.76892755] ,
[32.50475553 18.03665732] ,
[36.14021289 10.19015452] ,
[41.2414172  11.74077713] ,
[25.51442978 21.13977713] ,
[17.48953703 21.94430256] ,
[32.33605809 22.9939689 ] ,
[26.70715745 17.87187707] ,
[17.29392974 16.97897264] ,
[ 9.82471518 17.70254262] ,
[28.26713048 17.14701896] ,
[33.9835399  32.01462686] ,
[38.56133013 10.98393508] ,
[ 8.02169867 22.0938299 ] ,
[22.9209534   8.83518727] ,
[28.24627447  8.63203669] ,
[ 8.03541076 44.09156921] ,
[22.10008533 22.62718871] ,
[49.77252455 28.7454184 ] ,
[83.04397409 27.14848775] ,
[68.56383265 78.25494245] ,
[15.27561297 71.04807073] ,
[34.45985918 61.54390787] ,
[13.50037683 47.64602635] ,
[30.40928799 42.23774107] ,
[43.08107575 27.72719054] ,
[16.14449712 28.25003689] ,
[53.54227152 26.54536292] ,
[35.30959832 20.67628543] ,
[39.86554247 56.81395421] ,
[23.52671958 35.4897166 ] ,
[14.63354433 50.93619086] ,
[ 8.75335204 43.44588111] ,
[15.18102799 11.42631321] ,
[3.52188598 9.7703831 ] ,
[ 6.60179159 21.476329  ] ,
[13.56534008 14.05834274] ,
[24.34070436  6.75028238] ,
[15.56868422 41.6091139 ] ,
[25.14698248 29.58390711] ,
[26.96174086  6.10146259] ,
[12.55427356 27.29789261] ,
[28.50963641 23.24082048] ,
[24.69741091 37.59043501] ,
[34.21457606 30.19054564] ,
[71.24588933 31.75165532] ,
[86.31382019 14.40740885] ,
[116.51197968  43.48228169] ,
[88.41851989 39.03819377] ,
[11.9501753 69.692122 ] ,
[11.6819556  17.96684799] ,
[14.12436304 23.26293537] ,
[59.95947971 27.39637969] ,
[15.07227981 49.61808847] ,
[ 9.48079473 13.4160224 ] ,
[22.1183719  22.28296482] ,
[29.577921   23.48140861] ,
[42.13928341 21.1095596 ] ,
[45.0350885  15.82014191] ,
[42.89161132 10.97903123] ,
[37.19916395 13.8694417 ] ,
[14.95663181 24.98398595] ,
[17.20555818 12.712164  ] ,
[14.19552195 21.03098423] ,
[13.6711508  13.25302953] ,
[26.00359575 37.39959561] ,
[16.91899337 40.4727332 ] ,
[42.56180261 23.59778471] ,
[45.65217713 11.58990988] ,
[29.97314974 31.33510469] ,
[ 5.6220885  34.08771893] ,
[ 9.11656174 30.37002033] ,
[43.82360567 11.62757634] ,
[ 8.56671308 23.82126826] ,
[33.11701257 36.30410925] ,
[45.82991075 20.42226198] ,
[23.90698754 21.01064743] ,
[ 9.77684866 24.72076922] ,
[26.19469309 19.23019409] ,
[ 7.55448514 53.91237386] ,
[15.09108176 85.26070447] ,
[45.94692013 78.06877621] ,
[27.69163225 63.16348995] ,
[38.17645919 64.83995793] ,
[28.32252321 73.54281673] ,
[20.50657853 81.92033063] ,
[15.49617437 69.6109085 ] ,
[24.77792017 67.33085578] ,
[ 6.10050017 77.58400771] ,
[22.97228377 48.5427532 ] ,
[11.59997011 56.77852121] ,
[27.1730698  20.44849772] ,
[26.19725323 41.28702134] ,
[16.09592042 60.16832958] ,
[21.91767704 40.71249663] ,
[21.85744554 47.4147406 ] ,
[47.71100141 10.90883082] ,
[52.82191797 13.33950269] ,
[66.71078518 14.40909649] ,
[76.35382503  4.75689094] ,
[30.61871174 24.14906782] ,
[28.11225245 25.34275751] ,
[ 8.24985189 11.89918061] ,
[12.45943197 32.60520365] ,
[14.98848632 32.57401007] ,
[11.80023227 14.48585548] ,
[13.11350625 24.27771977] ,
[22.73668329 56.7167728 ] ,
[26.1214648  42.71384412] ,
[ 8.74071145 17.90879684] ,
[13.10540766 21.61650666] ,
[30.06659047 18.32000051] ,
[56.81886054 50.75383539] ,
[73.37370274 36.07671793] ,
[44.05935708 14.27169974] ,
[57.77385057 10.33284314] ,
[24.56842287  9.57683653] ,
[38.1018305  13.78139353] ,
[40.90157121 20.16348381] ,
[33.96801274 21.69623703] ,
[ 6.59893986 21.54556156] ,
[29.44726962 28.0754191 ] ,
[19.84426135 16.8344262 ] ,
[37.6691609  43.43492454] ,
[36.97343888 42.52376642] ,
[ 18.75652746 102.58281155] ,
[45.31529625 77.75239225] ,
[ 15.73727893 100.30126151] ,
[28.46597289 79.46977745] ,
[33.53556034 89.1976881 ] ,
[23.22032083 65.36918941] ,
[22.12121714 77.16562102] ,
[30.4256529  48.40725891] ,
[ 9.89214786 42.61902245] ,
[49.44018989 19.06841003] ,
[24.08694574 36.945535  ] ,
[41.08699477  7.87315696] ,
[32.87714445 10.83967039] ,
[13.51862538 15.04996029] ,
[22.9395897  21.13332179] ,
[35.3958108 18.9389086] ,
[29.68057213 15.93069548] ,
[ 6.36544339 14.28074358] ,
[15.59993677 13.19798824] ,
[15.7650557 10.3759636] ,
[4.02101108 6.21798408] ,
[28.5516688  29.62277977] ,
[16.68200147  9.90105243] ,
[17.14708838 27.23930133] ,
[12.41366452 83.50071511] ,
[ 13.04036889 103.74085123] ,
[22.93160031 68.68881242] ,
[35.5120009  87.32830174] ,
[27.62614348 88.5728151 ] ,
[ 14.11683237 122.78732539] ,
[  7.23938879 115.69574093] ,
[ 49.76824239 124.16297431] ,
[ 54.83386003 150.81274355] ,
[ 13.93077099 149.6352441 ] ,
[ 25.38838117 136.13125575] ,
[ 17.88497769 154.72797739] ,
[ 23.67575598 158.01437746] ,
[ 10.67462972 131.16234935] ,
[ 47.87139053 134.19954677] ,
[ 14.47486665 132.99193133] ,
[ 17.34033002 117.64170658] ,
[ 55.70251192 122.3006809 ] ,
[ 40.57398425 125.97973754] ,
[ 10.17152113 122.95493436] ,
[  9.46889064 130.67879334] ,
[ 19.38089634 112.06060062] ,
[ 23.43278412 171.12094529] ,
[ 14.86275175 130.81251121] ,
[ 15.96779964 170.62240779] ,
[  9.89067628 144.75859192] ,
[ 23.0315053  136.24756031] ,
[ 10.00033116 140.18595281] ,
[ 12.56627137 121.15641789] ,
[21.43154688 82.7340099 ] ,
[ 25.65687703 115.10990734] ,
[49.55214114 93.63120243] ,
[18.69187078 84.89469887] ,
[32.42031357 86.46046218] ,
[19.71558205 99.74844993] ,
[14.75578682 83.60103156] ,
[10.8977619  73.06967891] ,
[19.686027   74.95486722] ,
[32.88358961 66.00123953] ,
[14.88194103 22.30004842] ,
[28.34007075 19.72158782] ,
[22.74539508  9.87438422] ,
[ 9.33627864 15.45764929] ,
[18.26076507 16.45591798] ,
[35.87288428 21.6657875 ] ,
[12.21502849 30.10164292] ,
[27.82631416 12.25805237] ,
[18.65815128 14.01172549] ,
[35.16994904 27.1348976 ] ,
[65.31846007 30.79809457] ,
[60.56776678 30.25329333] ,
[67.78228116 35.45089263] ,
[46.32721335 16.96783607] ,
[45.74769129 27.14402407] ,
[14.65478196 32.57139476] ,
[40.04986689 21.17375344] ,
[16.52198621 29.52178428] ,
[20.7972884  33.02749536] ,
[25.36291323 48.08450052] ,
[30.84651251 47.54962626] ,
[11.01887616 38.82894074] ,
[ 6.63196283 52.21309248] ,
[ 2.80016618 56.08423996] ,
[11.66571207 29.19605428] ,
[27.6328927  20.20398963] ,
[ 9.8668779  36.52438379] ,
[33.31404359 40.26245014] ,
[46.09780664 11.52301534] ,
[30.49364741 23.5164281 ] ,
[15.03802769 35.72642681] ,
[18.20332298 19.35159805] ,
[33.55230635 17.16180673] ,
[27.23593574 23.70119087] ,
[38.79445784  8.97132222] ,
[27.20677919  9.55880613] ,
[22.90989127 21.07864663] ,
[31.09165319 11.93489501] ,
[29.75733548 39.92497401] ,
[23.95551542  7.6336947 ] ,
[ 5.51328938 37.65676842] ,
[44.30378418 58.6246264 ] ,
[ 5.60103213 39.16301259] ,
[22.21886547 17.42182965] ,
[10.29202274  7.56891239] ,
[28.99534466 43.32653181] ,
[34.05574241 11.80845778] ,
[23.64710932 18.026038  ] ,
[28.27833377 16.1447447 ] ,
[11.92638947 25.714399  ] ,
[15.64668467 14.38049728] ,
[24.77538148 26.79544611] ,
[30.26692101 12.97408132] ,
[ 3.79877501 10.57996686] ,
[34.10813057 24.47030789] ,
[28.02799238 13.8346533 ] ,
[31.23727451 47.73017692] ,
[21.6646013  61.59127535] ,
[14.00061521 35.12260053] ,
[11.1184835   7.54446676] ,
[36.50523513 23.90288905] ,
[67.50870512 15.93694593] ,
[24.78633985 21.70038043] ,
[11.39797862 31.25171437] ,
[20.76136687 32.58517656] ,
[21.4970189  18.25399991] ,
[12.88314125 12.08476239] ,
[19.07529225 34.97805541] ,
[52.62448689 30.91231277] ,
[29.7266365  25.08400344] ,
[43.43464249 29.50182886] ,
[14.62709947 32.43987281] ,
[14.07310836 12.54346077] ,
[15.53986983 23.98334712] ,
[ 7.0250742  23.63009952] ,
[23.19835631 14.13041199] ,
[20.24924917 10.27921575] ,
[13.37767583 34.55270252] ,
[24.61817161 10.70851271] ,
[25.42769307 24.81064871] ,
[6.77690877 9.32094925] ,
[23.17461598 61.27271695] ,
[47.2994378  84.82701881] ,
[ 13.34248838 100.67901826] ,
[ 6.72612835 48.21037087] ,
[ 8.74200436 32.79255481] ,
[17.80914012 55.38374513] ,
[24.11813448 51.5647387 ] ,
[16.95628978 27.70025969] ,
[11.27821138 15.03400756] ,
[ 7.25122552 12.94193246] ,
[15.99440985 30.90703339] ,
[ 9.96363149 17.27117875] ,
[ 2.85634537 28.05198007] ,
[37.48211598 41.82547273] ,
[62.13105053 36.68093442] ,
[67.85908569  8.55786491] ,
[37.40419814  9.77909492] ,
[10.15809868 13.89661911] ,
[21.60963913 32.90245859] ,
[25.49381438 28.48192718] ,
[ 8.93388144 24.99631777] ,
[28.51434391  9.30158921] ,
[17.04104273 26.85349961] ,
[17.9845136  28.52484323] ,
[44.86673292 10.27322236] ,
[29.96897477 19.72213311] ,
[14.90680249 18.43209415] ,
[23.16673088 54.48064232] ,
[49.1035989  10.93846046] ,
[36.30511767 10.03189666] ,
[31.39379415 25.79901253] ,
[25.87114998 14.45456415] ,
[25.18782019 13.2258263 ] ,
[ 7.18765374 27.49366241] ,
[ 9.99585866 63.89816553] ,
[44.23623468 22.14404656] ,
[19.17945192  8.81376516] ,
[30.12787349 20.64520464] ,
[19.22174496 12.60472353] ,
[35.57267231 18.00354894] ,
[31.12964928 49.46005431] ,
[26.35415809 27.77401009] ,
[19.64926968  8.27058121] ,
[17.7368516   9.49002522] ,
[46.14823101 16.97517887] ,
[ 7.94370786 24.58008194] ,
[28.98203044 27.07785121] ,
[18.08328916 56.17550655] ,
[51.42847523 29.2096666 ] ,
[16.77465306 15.17338501] ,
[13.07069058 27.37541681] ,
[12.78491474 33.40233072] ,
[21.50239429 28.17016334] ,
[16.73198729 34.40547904] ,
[24.93540281 13.70518644] ,
[23.51441957 13.40705491] ,
[47.2759072  14.58062562] ,
[26.93434874 12.52718541] ,
[37.73075734  9.37039514] ,
[24.51272587 21.88552043] ,
[19.57860769 41.5030752 ] ,
[ 9.40123791 63.85658325] ,
[11.22637728 25.64962189] ,
[19.27983419 26.23201448] ,
[11.1414459  33.58373491] ,
[24.23476046 44.58683814] ,
[ 9.81634823 10.93848253] ,
[21.03704911 13.09574558] ,
[27.29255808 17.69754507] ,
[14.49932185 15.97810759] ,
[25.97812622 11.6046178 ] ,
[31.71893444 36.85983261] ,
[23.92756391  6.7933855 ] ,
[33.64487295 13.5514154 ] ,
[13.26714875 35.68649818] ,
[44.1122396  37.11150385] ,
[19.01111338 34.48960872] ,
[46.16714474 36.5842063 ] ,
[19.76558872 57.89030333] ,
[26.26600503 53.66004726] ,
[29.63127924 67.42937543] ,
[14.15445207 55.77000526] ,
[36.87832489 61.20817175] ,
[39.18047947 71.4790513 ] ,
[47.90296953 36.71249618] ,
[44.82435389 26.55049113] ,
[23.43119976 38.09187   ] ,
[13.32331066 25.97896036] ,
[37.72063754  7.55183847] ,
[18.09720216 38.12861768] ,
[36.00692704 25.85580416] ,
[45.90176311 15.83314971] ,
[52.23947198 27.15146625] ,
[16.14893332 18.73191069] ,
[25.06890541 18.80005936] ,
[54.32848326 30.6352193 ] ,
[33.88721146 21.79603814] ,
[26.72750576 13.08714854] ,
[11.79056305 23.37565054] ,
[32.3427455  34.80970623] ,
[24.85930836 15.66009698] ,
[12.75068941 14.14630165] ,
[36.81986169 17.4472949 ] ,
[26.35272029 65.42516859] ,
[12.70760863 47.85334694] ,
[20.80549736 50.17111866] ,
[33.49831365 42.29195411] ,
[36.06065635 29.69462773] ,
[13.79524617 37.49842975] ,
[43.51084178 11.46288846] ,
[15.97538078 41.68027456] ,
[45.1428337  19.44715146] ,
[42.04094337  6.16377886] ,
[22.69706317 20.6531203 ] ,
[17.65877477 13.28642475] ,
[21.4774371  13.87095843] ,
[41.59843873 12.94011451] ,
[18.94614827 19.42308578] ,
[17.02214953 12.43104691] ,
[ 9.74820271 16.22013027] ,
[13.0150028  27.84534795] ,
[ 9.182081   33.53977955] ,
[10.94673614 41.33971859] ,
[14.34919811 24.3735622 ] ,
[19.4289852 25.8439292] ,
[34.68225503 13.67512923] ,
[ 9.34210618 17.26009413] ,
[11.08319186 36.07759795] ,
[ 7.93684988 37.41600469] ,
[25.91017921  7.53401139] ,
[51.90985497 21.16895183] ,
[44.19419448 17.62382609] ,
[76.65666051 31.28387874] ,
[87.34557131 22.82623469] ,
[99.03174484 12.20351021] ,
[93.05763109 32.45046909] ,
[93.08606058 14.49278168] ,
[84.71647023 23.88231295] ,
[51.17387946 19.67210883] ,
[51.18307521 16.09810488] ,
[ 9.96267283 27.72327494] ,
[20.65025937  8.27653956] ,
[10.16485501 21.31357777] ,
[ 7.25882735 29.90703016] ,
[14.57140491 26.93001363] ,
[14.82169739 36.20946498] ,
[30.06713805 55.57917408] ,
[33.23555339 25.06566356] ,
[19.36933594 26.27177654] ,
[ 8.67076981 16.56301467] ,
[ 9.11783566 29.23480057] ,
[27.50739852 57.11443568] ,
[13.85916326 76.21679504] ,
[20.72916049 96.84847828] ,
[ 11.76883319 132.1216661 ] ,
[ 20.41521284 136.02176829] ,
[ 16.46441866 129.6210168 ] ,
[ 17.88445051 137.68532238] ,
[18.1284102  86.78382364] ,
[24.00460838 91.26943742] ,
[23.86926594 49.76945943] ,
[31.42154038 36.86740192] ,
[25.06206202 20.1045267 ] ,
[12.86391342 10.10506479] ,
[49.56804289 12.41268689] ,
[17.43649952 42.99566154] ,
[19.76453901  5.64860347] ,
[14.43805633 14.1389623 ] ,
[44.63192088 25.55669769] ,
[14.5634899  29.53763818] ,
[ 9.3253439 20.8257157] ,
[30.61530174 26.01901072] ,
[24.53232655 33.63005318] ,
[25.19305651 37.14229926] ,
[34.58405348 18.59272113] ,
[47.37907128 28.64594649] ,
[57.42281831 20.44466858] ,
[62.26206624 17.14673369] ,
[82.34369833 20.40799683] ,
[81.96113416 11.99976677] ,
[41.76899833  6.39839597] ,
[21.60323565 18.01350303] ,
[18.20841476 23.64953346] ,
[41.6986877  38.26104448] ,
[13.70981567 22.39986211] ,
[16.60433631 15.91639424] ,
[11.47723653  8.3598432 ] ,
[18.94028387  6.52226949] ,
[ 8.11031474 11.01623938] ,
[50.82228264 16.19129306] ,
[38.07646115 23.90464727] ,
[29.74258889 23.28042818] ,
[18.42519027 46.90737708] ,
[27.96466542 19.81665607] ,
[14.24696471 28.64774901] ,
[23.67120509 11.80343294] ,
[38.74874529 12.89255416] ,
[23.64341103 11.06579425] ,
[58.875798   13.28841502] ,
[38.67105791  8.12032871] ,
[ 7.32320315 35.59946793] ,
[18.28478201 56.38647733] ,
[23.48279742 34.63809536] ,
[ 7.45332338 45.46803134] ,
[12.17600656 35.92803786] ,
[26.69038584 18.44328182] ,
[13.37035273  8.95231538] ,
[10.69371389 11.86119676] ,
[16.94468531 10.96369683] ,
[22.79980373 28.49416766] ,
[23.76403842 19.86766083] ,
[16.88292563  8.65332253] ,
[15.79187857 37.60820803] ,
[23.15486926 25.379245  ] ,
[26.55869534 12.87354938] ,
[37.24766546 21.106897  ] ,
[30.71346206 27.26387748] ,
[25.81188665  9.73412051] ,
[ 5.32860765 32.75553308] ,
[24.01776811 22.3721156 ] ,
[ 9.71180561 37.20957699] ,
[26.17948341 15.39005634] ,
[26.97136577 22.28599555] ,
[41.22982496  9.68357012] ,
[26.54790834 43.81778131] ,
[36.94959268 29.94435119] ,
[12.17489524 41.51691271] ,
[22.54621634 21.17400876] ,
[25.60073032 31.13460866] ,
[17.8299443  16.07421971] ,
[24.80524313 27.77576099] ,
[19.60519231 15.26420141] ,
[17.51474574 23.98370705] ,
[24.77918811 40.19706809] ,
[24.54980773 16.37207363] ,
[ 9.51916699 19.68738335] ,
[18.66732156 35.25058586] ,
[26.3850948  30.69281557] ,
[17.31646322 25.39205125] ,
[58.70309315 27.48491918] ,
[70.38035961 29.38690147] ,
[66.20754795 24.83971351] ,
[88.68651209 37.76641163] ,
[53.870073   66.27469042] ,
[34.07860391 56.50137833] ,
[77.49445296 14.64428707] ,
[55.26570764 20.80627787] ,
[31.61008955 11.52209019] ,
[39.54030535 34.863283  ] ,
[42.39958096 23.11941327] ,
[21.93005168 29.18945863] ,
[10.89002902 20.13322097] ,
[11.15749425 19.42869681] ,
[31.10834631 30.97999635] ,
[33.7840937  24.15510197] ,
[10.52840172 16.29095828] ,
[16.6259504  16.98181707] ,
[19.55134874 37.40469392] ,
[18.37992526 22.60984543] ,
[14.28780108 19.18892027] ,
[40.07832713 26.04968624] ,
[34.95925381 11.87197861] ,
[22.03995391 48.09742968] ,
[47.9110922  40.26556776] ,
[19.59162267 16.24632876] ,
[15.93868936 16.109372  ] ,
[23.14179129 26.69850153] ,
[ 8.75156208 29.41245397] ,
[35.0461619  20.11728878] ,
[35.19740603 10.87592906] ,
[12.51547733 29.2572811 ] ,
[14.23459839  6.68145415] ,
[14.1049807   4.50219026] ,
[27.93652177 25.58796405] ,
[12.54726199 32.04097642] ,
[12.17497531 68.95350762] ,
[28.01827251 88.2450012 ] ,
[ 6.63596405 38.04353295] ,
[37.48750647 67.30812904] ,
[47.62393018 44.81272118] ,
[65.29257958 39.76748286] ,
[14.21304627 62.93355158] ,
[19.90803519 42.5186699 ] ,
[29.44676834 27.70410968] ,
[17.16682354 61.98691676] ,
[10.68891065 32.35695612] ,
[18.50313614 29.21011713] ,
[20.97920097 16.47221294] ,
[23.807717   18.47334592] ,
[21.04870597 11.18763955] ,
[20.87967886 14.37496211] ,
[33.29344475 15.36757886] ,
[27.17973146 22.73460033] ,
[66.64477182 20.05595025] ,
[28.44230052 15.52055027] ,
[35.59510529 16.93883083] ,
[64.37631396 30.58206723] ,
[47.13581603 41.77118098] ,
[33.20518155 38.19860122] ,
[21.14885233 34.12639578] ,
[29.42054824 12.33682021] ,
[11.42563323 12.79469367] ,
[ 5.56471073 19.32470341] ,
[29.91032048 27.29589795] ,
[49.39548858 12.80162053] ,
[37.07450151 11.61168668] ,
[22.14350696 31.23932433] ,
[13.41277092 29.2299242 ] ,
[ 5.84594842 23.7879241 ] ,
[18.77473797 14.19313166] ,
[31.383375   20.44334211] ,
[33.51295428 19.96640462] ,
[41.9172027  43.39226117] ,
[10.10228476 59.7415023 ] ,
[34.99166892 27.36311356] ,
[ 2.50750807 22.90410251] ,
[19.59468905 53.62896932] ,
[24.3446951  43.80675896] ,
[12.56346565 32.95162839] ,
[ 4.85151507 12.67819121] ,
[21.04879394 11.44743339] ,
[ 8.29124005 30.9579382 ] ,
[35.83981033 64.47426707] ,
[29.75524725 86.79832563] ,
[48.67839725 50.65746799] ,
[19.16274255 42.46328424] ,
[25.37820768 33.04933655] ,
[16.74409812  9.64207049] ,
[11.81461559 19.98431932] ,
[32.10146363 27.04588323] ,
[14.58961572 20.4926189 ] ,
[ 8.40413824 30.81866777] ,
[39.29050779 22.33061169] ,
[14.35323592 43.52799519] ,
[13.65002913 21.73827424] ,
[18.25561811 27.42086501] ,
[24.7142531 46.1128561] ,
[27.47293064 10.87001165] ,
[37.12800652 36.86477118] ,
[33.89041535 18.22123323] ,
[11.89675832 19.26449683] ,
[38.60412618 11.56942975] ,
[18.27400798 10.68217618] ,
[22.24631092 10.95111346] ,
[20.36402861 18.68210955] ,
[ 4.44291776 28.64370099] ,
[10.1622581  44.67240951] ,
[32.46761787 12.92578417] ,
[28.46892315 22.30861721] ,
[21.76532027 20.38988569] ,
[24.77818732 38.19106659] ,
[10.73253057 18.76610024] ,
[8.66264595 8.25191958] ,
[24.07638792  9.1765602 ] ,
[27.34070645 41.8021118 ] ,
[14.03224494 38.58203895] ,
[12.73911873 40.98670113] ,
[13.95367918 19.3262627 ] ,
[13.40080225 10.7829632 ] ,
[19.35590462 25.4909037 ] ,
[21.11805226 39.33137026] ,
[15.19896711 27.40577527] ,
[57.72445666 13.56347781] ,
[53.01278461 36.69186708] ,
[31.19529829 70.44127259] ,
[32.61147203 40.40506088] ,
[47.21520845 25.4871828 ] ,
[24.84774054 16.93883841] ,
[ 8.67214899 25.28663896] ,
[23.22536182  7.60202913] ,
[48.573136   28.74378048] ,
[52.65726859 11.38052413] ,
[31.89232851 32.61696654] ,
[10.72562278 36.9291553 ] ,
[18.36570794 15.56475966] ,
[14.09949151 23.55036296] ,
[11.22882886 19.8820806 ] ,
[19.05190821 25.05062233] ,
[20.52465129 37.04871517] ,
[16.41368485 11.80264567] ,
[35.24911494 30.98269366] ,
[17.7444976   9.36578168] ,
[37.62800464 19.78561845] ,
[23.78554917 50.72423722] ,
[32.59558906 53.49212588] ,
[24.67451442 30.29279991] ,
[14.1643461  18.34560877] ,
[19.77882025  9.01621883] ,
[11.17115634 19.51188962] ,
[16.00451499  5.69707754] ,
[22.53576161 12.46588192] ,
[12.96502621 22.92552233] ,
[22.19539667 21.69105276] ,
[ 9.74137112 16.77556591] ,
[16.03662317 28.71359331] ,
[15.88980252 14.13174466] ,
[24.78880401  8.40017897] ,
[15.58190432 10.68296612] ,
[49.54604874 26.420152  ] ,
[43.37345959 46.57856146] ,
[14.84797455 75.09353017] ,
[12.11952045 37.07405295] ,
[30.53509057 14.08927148] ,
[25.31392118 19.42386076] ,
[22.91078505 46.12751915] ,
[40.80479641 78.18396556] ,
[43.7604536  63.85162768] ,
[29.40835956 46.24172133] ,
[30.27094507 68.39747746] ,
[29.70293696 68.65095899] ,
[26.28249626 53.50347801] ,
[14.63712801 18.53651016] ,
[15.28467529  8.29496437] ,
[ 9.2193091  31.90832988] ,
[19.30740223 52.22520926] ,
[41.42688118 64.13515846] ,
[32.58924708 45.26314769] ,
[25.94782534 30.19705468] ,
[30.78725233 11.38249868] ,
[31.55936204 27.91050853] ,
[53.73920869 19.10256011] ,
[66.45753949 29.62424489] ,
[25.88087305 49.06270014] ,
[58.8874004  19.44447219] ,
[54.11660415 23.57428327] ,
[44.44131555 16.09332763] ,
[21.45593594 16.05776404] ,
[16.65182406 49.44449776] ,
[19.6987736  55.85695667] ,
[41.33231662 32.52098688] ,
[18.39956687 31.77224871] ,
[37.35284627 25.58759669] ,
[52.4780879  20.69193509] ,
[26.38703274 32.37657363] ,
[17.16339687 34.85090026] ,
[ 9.52672751 25.02471113] ,
[27.18980621 17.1501738 ] ,
[ 8.03727015 27.6702033 ] ,
[30.82320969 17.24785285] ,
[29.31546803  3.5373698 ] ,
[20.35386117 17.39191894] ,
[10.14259041 16.4241089 ] ,
[43.43942805 13.16449258] ,
[14.42067056 50.97653284] ,
[28.10194793 34.47276148] ,
[12.9713062  25.32716963] ,